1 138
1 388
1 601
1 633
1 898
3 780
4 268
5 99
5 551
6 141
6 158
6 877
7 12
7 362
7 378
7 744
7 764
8 132
8 611
8 625
8 741
8 985
10 196
10 264
10 565
10 785
11 14
11 124
11 136
11 818
12 183
12 287
12 487
12 555
12 578
13 52
13 119
13 585
14 223
14 307
14 730
14 849
15 264
15 709
16 485
17 479
17 627
17 696
18 27
18 638
20 811
21 639
21 659
21 681
21 927
22 958
23 350
23 382
24 120
24 420
24 749
25 299
25 345
25 472
25 946
26 160
26 477
26 737
26 748
27 266
27 334
27 475
27 913
28 210
28 867
28 925
29 691
30 812
30 950
31 87
31 196
31 309
31 449
31 730
32 141
32 781
32 824
33 173
33 363
33 869
33 968
34 117
34 258
34 759
34 795
34 820
34 997
35 219
35 608
35 968
36 531
36 659
36 834
37 61
37 344
37 558
37 675
37 717
37 722
38 734
39 29
39 342
39 350
39 416
39 812
40 117
40 205
40 317
40 694
40 807
40 813
40 994
41 151
41 308
41 723
42 664
42 848
43 57
43 669
43 733
44 144
44 699
45 127
45 147
45 521
45 646
45 774
45 841
45 977
46 107
46 387
47 49
47 108
47 265
47 341
47 443
47 498
47 510
48 371
48 642
48 692
48 746
48 888
49 318
49 340
49 441
49 502
49 839
50 393
50 842
51 405
51 928
52 330
52 554
52 775
52 847
53 107
53 171
53 206
53 542
54 162
54 612
54 803
55 583
55 995
55 999
56 170
56 221
56 440
56 744
57 149
57 317
57 331
57 396
57 514
57 784
58 387
58 431
58 558
61 620
62 108
63 4
63 538
63 729
63 858
64 524
64 934
65 606
65 623
65 717
66 213
66 275
66 374
67 673
67 791
68 42
68 223
68 821
69 332
69 766
69 845
69 887
69 902
70 22
70 71
70 132
70 456
70 871
70 943
71 599
71 611
71 978
72 339
72 958
73 65
73 190
73 572
74 136
74 153
74 194
74 382
74 635
75 657
75 694
75 716
76 2
76 279
76 495
76 720
76 950
77 88
77 197
77 998
78 240
78 332
79 581
80 212
80 348
80 754
81 24
82 218
82 323
82 446
82 646
82 835
82 879
82 976
83 257
83 899
84 328
84 633
85 105
85 411
85 869
85 900
86 76
86 412
86 861
87 119
87 721
88 460
88 872
88 888
88 936
88 981
90 336
90 721
91 431
91 704
92 449
92 824
92 903
93 427
93 451
93 816
94 259
94 428
94 776
94 860
95 254
95 356
95 676
95 885
96 803
97 288
97 622
97 823
97 900
98 610
98 729
98 780
99 453
99 464
99 826
99 916
99 997
100 43
100 91
100 151
100 300
100 581
100 704
101 663
101 736
101 822
102 430
102 710
103 389
104 18
104 243
104 251
105 731
106 31
106 210
106 212
106 420
106 555
107 184
107 691
107 884
108 136
108 215
108 660
109 402
109 685
110 223
110 740
111 59
111 307
111 483
111 698
111 757
112 150
112 430
112 544
112 568
112 760
112 883
113 68
114 461
114 659
115 494
117 581
117 850
118 13
118 194
118 746
119 968
121 1
121 17
121 503
121 578
121 732
122 299
122 447
122 546
122 627
123 535
123 589
123 895
123 961
124 44
124 551
124 669
124 968
125 290
125 330
125 491
125 499
125 583
125 751
126 366
126 510
126 584
126 623
127 30
127 373
127 413
127 697
127 934
128 69
128 251
128 716
128 990
129 390
130 111
130 141
130 158
130 304
131 29
131 112
131 617
131 887
132 15
132 549
132 558
132 575
132 760
132 795
132 995
133 401
133 660
133 843
134 193
134 684
134 689
135 78
135 418
135 980
137 382
137 471
139 918
140 41
140 115
140 216
140 287
140 343
140 625
141 702
141 713
141 714
141 954
142 38
142 328
142 528
142 886
143 779
143 993
144 199
144 766
145 95
145 214
145 689
146 131
146 276
146 285
146 533
146 535
146 830
146 982
147 156
147 370
147 724
147 746
147 885
148 619
148 820
149 251
151 821
152 454
152 510
152 633
153 137
153 566
153 589
153 602
153 606
153 941
154 30
154 93
154 212
155 42
155 126
156 148
157 388
157 833
158 28
158 371
158 385
159 337
160 25
160 356
160 402
160 446
160 569
160 915
160 982
161 193
162 529
162 560
162 768
163 285
163 390
164 525
164 884
164 962
165 245
165 513
165 643
165 837
165 999
166 327
166 666
166 995
167 170
168 122
168 665
168 766
168 843
168 991
169 408
170 108
170 947
170 959
171 2
171 174
173 45
173 849
174 200
174 469
174 687
175 252
175 364
176 104
176 321
176 577
176 785
177 14
177 411
177 576
178 22
178 520
178 640
178 766
178 931
179 832
179 878
180 111
180 178
180 705
181 59
181 410
181 417
182 631
182 780
182 803
183 330
183 418
183 889
184 9
184 179
184 446
184 736
184 898
185 112
185 262
185 741
185 825
185 988
187 796
188 216
188 876
189 77
189 764
190 424
190 475
190 934
191 372
191 779
191 900
191 932
193 648
193 653
193 802
194 225
194 262
194 330
194 780
197 223
197 913
197 980
198 536
199 522
199 553
199 720
200 380
200 415
201 256
201 305
201 569
202 139
202 275
202 845
202 908
203 52
203 251
203 421
203 739
204 172
204 389
204 635
204 922
205 22
205 85
205 204
205 402
205 762
205 886
206 116
206 339
206 495
207 363
208 764
208 783
208 827
209 94
209 898
209 927
210 91
210 497
210 624
211 24
211 111
211 398
212 577
212 858
213 55
213 311
213 787
213 945
214 137
214 799
214 854
214 921
215 373
216 139
216 222
216 787
217 68
217 458
217 537
217 542
218 283
218 298
218 430
219 760
220 319
220 341
220 352
220 399
220 906
221 631
222 95
222 457
222 466
222 974
223 289
223 498
223 584
223 678
223 836
224 325
224 871
225 85
225 784
225 946
226 86
226 513
226 524
226 546
226 844
226 965
227 171
227 510
227 913
227 922
227 930
227 950
228 151
228 650
228 757
228 777
228 863
229 902
229 971
230 71
230 142
230 528
230 589
232 437
232 474
232 747
232 790
232 967
233 128
233 326
233 882
234 121
234 785
235 51
235 217
235 229
236 589
236 762
237 2
237 857
238 755
239 43
240 111
241 928
241 999
242 312
242 486
242 808
242 999
243 307
244 117
244 478
245 703
245 782
245 819
246 470
247 427
247 951
248 197
248 289
248 460
248 927
249 38
249 311
249 537
249 587
249 596
249 719
249 806
249 944
250 326
250 800
250 840
251 532
252 278
252 359
252 832
252 966
253 69
253 153
253 306
253 364
253 377
253 414
254 134
254 404
254 451
255 286
255 334
255 639
255 906
255 938
256 317
256 511
256 584
256 879
257 61
257 664
258 176
258 465
259 90
259 731
259 753
260 38
260 150
260 336
260 680
260 788
260 863
261 931
261 971
262 646
262 650
262 768
263 209
263 640
263 863
264 587
265 9
266 643
267 333
267 427
267 680
268 553
269 100
269 344
269 878
270 172
270 355
270 746
270 774
270 792
271 70
271 280
271 740
271 996
272 277
272 317
272 893
273 96
273 150
273 292
273 859
275 849
276 341
276 568
276 720
277 189
277 497
277 526
277 898
278 180
278 448
279 873
280 564
281 594
281 710
282 174
282 275
282 537
283 72
283 211
283 777
284 440
284 685
285 147
285 276
285 635
285 833
286 10
286 355
286 465
286 473
286 881
287 161
287 579
287 674
287 900
288 124
288 220
288 348
289 477
289 652
289 740
289 793
290 238
290 954
291 785
294 482
294 663
294 746
295 238
295 756
295 787
296 233
296 537
296 865
297 45
297 139
297 734
297 863
298 381
298 462
298 674
298 971
299 121
299 191
300 281
300 702
300 867
301 229
301 517
302 96
302 849
303 241
304 54
304 781
304 789
304 888
304 896
305 48
305 429
306 711
307 313
308 542
308 634
308 924
309 45
309 46
309 201
309 224
309 426
310 94
310 177
310 467
311 66
311 131
311 234
311 506
311 525
311 542
312 220
312 249
312 553
312 685
313 302
313 387
313 661
313 884
313 1000
314 345
314 418
314 777
314 795
315 68
315 206
315 345
315 589
315 711
315 844
316 330
316 733
316 880
316 888
317 743
318 270
318 382
318 393
318 828
319 523
319 751
320 253
320 537
321 391
321 720
323 289
323 315
323 779
323 804
323 848
324 264
324 482
324 737
325 625
325 823
325 948
326 229
326 468
326 892
327 509
328 199
329 111
329 555
330 787
330 803
330 836
330 863
331 51
331 230
331 476
331 539
331 770
331 795
331 894
331 984
332 433
332 557
332 783
333 97
333 612
333 711
334 616
334 877
335 22
335 775
336 590
336 591
337 486
338 375
338 451
338 622
338 635
338 660
338 957
339 512
339 771
341 731
342 95
342 529
342 839
343 222
343 516
343 673
343 729
343 742
343 755
343 912
344 21
344 247
344 305
344 520
344 835
345 83
345 380
345 458
345 468
345 481
345 683
345 864
346 325
346 975
347 449
347 868
348 40
348 534
348 544
348 591
348 647
349 63
349 112
349 316
349 508
349 697
349 887
351 212
351 632
351 842
351 902
352 251
352 507
352 792
353 307
353 374
353 541
353 962
354 215
354 604
354 626
355 258
355 341
355 804
355 980
356 100
356 431
356 512
356 883
357 192
357 512
357 867
358 179
358 291
358 771
358 869
359 305
359 670
359 960
360 136
360 194
360 310
360 340
360 485
360 612
360 996
361 648
361 667
362 638
363 225
363 279
363 470
363 537
363 543
363 562
363 893
364 724
364 916
364 952
365 981
366 34
366 282
366 355
366 372
366 589
366 753
366 814
367 206
367 286
368 127
368 208
368 379
368 462
368 839
369 153
369 222
369 361
369 432
369 556
369 692
370 765
371 113
371 443
372 113
372 575
372 621
373 839
373 889
374 873
375 172
375 565
376 29
376 396
376 729
376 790
378 51
378 229
378 308
379 208
379 259
380 107
380 679
380 689
381 203
381 424
381 779
381 856
381 999
382 113
382 124
382 594
382 849
383 101
383 232
383 922
383 999
384 31
384 531
384 731
384 820
385 211
385 333
386 84
386 266
386 499
387 390
387 756
387 973
388 236
388 585
389 45
389 441
389 677
389 952
390 241
390 286
390 300
390 548
391 479
391 492
392 382
392 834
393 551
393 645
393 667
394 290
394 386
395 484
395 941
396 661
397 22
397 912
398 15
398 107
398 281
398 759
399 129
399 134
399 595
399 831
400 138
400 176
401 242
402 629
403 23
403 981
404 509
404 669
405 61
405 400
405 676
405 948
405 990
406 150
406 186
406 215
406 737
407 116
407 250
407 598
407 866
407 941
407 954
408 429
408 448
409 238
409 392
409 554
409 600
410 156
411 338
411 466
411 990
412 84
412 151
413 426
413 652
414 284
414 285
414 555
414 806
414 812
415 517
415 925
416 113
416 175
416 299
416 364
416 366
416 582
416 720
416 820
417 336
418 980
419 355
419 539
419 873
420 175
420 419
421 322
421 710
421 968
422 578
422 685
422 705
422 900
423 207
423 744
424 172
424 285
424 801
424 877
426 711
426 776
427 332
427 476
427 509
427 727
428 93
428 160
428 269
428 494
428 577
429 312
430 777
430 876
431 43
431 73
431 97
431 263
431 458
431 623
431 737
431 746
432 41
432 425
432 974
433 545
433 955
434 547
434 603
435 107
435 927
435 996
436 339
436 342
436 422
437 352
437 857
437 955
438 128
438 264
438 281
438 283
438 292
438 524
439 94
440 205
440 354
440 397
440 511
440 715
440 757
441 706
441 920
442 673
442 751
442 911
443 445
443 820
444 271
444 400
445 472
445 659
445 878
446 75
446 79
446 287
446 344
446 428
446 963
447 318
447 693
447 863
448 577
448 843
449 674
449 693
450 603
450 681
450 875
451 753
452 353
452 736
452 742
452 924
453 147
453 363
454 51
454 207
454 298
454 585
454 613
455 156
455 260
455 308
455 768
455 819
456 145
456 594
457 117
457 214
457 412
457 695
457 758
457 786
458 125
458 831
459 610
459 663
460 208
460 589
460 739
460 848
461 124
461 137
461 243
461 523
461 544
461 673
461 678
461 733
461 833
461 963
462 197
463 186
463 599
463 818
464 503
464 870
465 541
465 667
465 758
465 874
466 118
466 287
466 309
466 589
466 608
466 926
466 960
467 41
467 201
467 978
468 230
468 333
468 394
468 563
468 851
469 26
469 561
469 754
470 128
470 316
470 402
470 998
471 210
471 397
472 296
472 778
473 732
474 297
474 350
474 404
475 550
475 551
475 801
475 964
475 992
476 664
476 846
476 878
477 56
477 171
478 25
478 139
478 172
479 364
479 993
480 329
480 798
480 885
481 304
481 359
481 997
482 766
483 1
483 282
483 623
484 279
484 542
485 863
486 217
486 466
486 815
486 953
487 114
487 658
487 740
487 838
488 210
488 641
488 868
489 18
489 524
489 599
489 795
489 882
490 288
491 77
491 767
492 436
492 841
492 971
493 663
494 117
494 121
494 411
494 503
495 438
495 923
496 390
496 656
496 954
497 36
497 510
498 57
498 844
499 482
499 706
500 36
500 611
500 874
501 230
501 980
502 223
503 58
503 420
503 589
503 859
504 478
505 991
506 987
507 20
507 208
507 228
508 145
508 587
508 714
508 781
508 801
509 377
509 584
510 404
511 235
511 302
511 383
511 629
511 740
511 810
512 777
513 336
513 808
514 104
514 652
514 693
514 719
514 984
515 446
516 179
516 576
516 628
517 250
517 264
517 309
517 371
517 525
517 602
518 495
519 188
519 525
519 916
520 404
520 523
520 542
520 544
520 670
520 980
521 234
521 434
521 572
522 26
523 61
523 540
523 765
524 37
524 617
525 60
525 83
525 202
525 890
526 392
526 409
526 444
527 990
528 22
528 190
528 532
529 334
529 345
529 815
530 363
530 438
530 666
531 412
531 746
532 35
532 70
532 169
532 286
532 747
532 991
533 964
534 97
535 43
535 213
535 369
535 488
535 668
535 768
536 38
536 87
536 92
536 489
536 810
536 832
536 905
537 583
537 691
538 58
538 60
538 197
538 313
538 595
538 636
539 431
539 639
539 645
539 822
540 229
540 256
540 675
540 892
540 983
541 30
541 403
541 620
542 949
543 79
543 279
543 346
543 478
543 883
544 61
544 200
544 506
544 533
544 760
545 175
546 203
547 346
548 369
548 393
549 561
549 917
550 503
551 57
551 874
552 54
552 288
552 895
552 915
553 805
554 777
554 938
555 118
555 125
555 556
555 973
555 978
557 184
557 550
558 78
558 199
559 44
561 290
561 556
561 583
562 70
562 89
562 529
562 827
562 856
563 777
564 114
564 901
564 993
566 637
566 835
567 344
567 683
567 858
568 102
569 36
569 146
569 753
569 787
570 117
570 153
570 160
570 260
570 413
570 457
570 458
570 989
571 359
571 376
571 757
572 332
572 888
573 333
573 383
573 498
574 140
574 304
574 441
574 525
574 625
574 784
575 148
575 531
576 114
576 150
576 167
576 416
576 440
576 558
576 782
578 1
578 7
578 370
578 379
578 403
579 722
579 805
580 232
580 619
580 759
581 495
581 697
581 813
581 876
582 154
582 971
584 136
584 392
584 678
584 811
584 923
585 41
585 761
585 803
586 305
586 600
586 892
587 280
587 319
587 888
588 63
588 341
589 526
589 564
589 902
590 55
590 296
590 482
590 781
591 411
591 498
593 53
593 643
594 94
594 763
595 303
595 849
596 63
596 838
597 617
598 35
598 918
599 296
599 341
599 499
599 977
600 150
600 315
600 349
601 75
601 275
601 551
601 581
602 972
603 752
604 127
604 212
604 216
604 320
605 347
605 482
605 669
606 203
606 318
606 894
607 184
608 672
609 386
609 653
610 220
610 372
610 447
610 454
610 816
611 329
611 332
612 282
612 660
612 913
613 99
613 314
613 404
613 681
613 874
614 209
614 359
614 528
614 752
614 846
616 168
616 295
616 317
616 421
616 589
617 154
618 508
618 674
618 823
619 334
619 956
620 21
620 230
620 302
620 823
620 992
621 67
621 481
621 532
622 478
622 661
622 907
623 128
623 440
623 502
624 137
624 218
624 219
624 608
624 713
624 845
625 604
626 198
626 260
626 515
628 166
628 458
628 650
629 46
629 403
630 302
630 381
630 483
630 644
631 49
631 492
631 558
631 942
632 151
632 244
633 29
633 80
634 93
634 201
634 325
634 408
634 553
634 740
634 874
634 909
635 751
635 778
636 155
636 582
636 604
637 134
637 152
637 296
637 454
637 989
638 140
638 147
638 485
639 997
640 410
640 805
641 62
641 559
641 644
641 903
641 927
642 14
642 281
642 401
642 616
642 809
642 893
643 865
644 351
644 810
645 386
646 67
646 644
646 921
646 945
647 50
647 367
647 480
649 402
649 527
649 706
649 993
651 306
651 709
652 18
652 55
652 203
652 230
652 325
652 512
652 647
652 762
652 868
652 911
653 262
653 595
653 620
653 844
654 402
654 626
654 966
655 12
655 139
655 249
655 345
656 450
656 826
657 99
657 103
657 143
657 147
657 520
657 630
658 652
658 930
659 301
659 335
660 305
660 844
661 697
662 885
663 159
663 228
663 510
664 332
665 47
665 114
665 179
666 379
666 559
666 752
666 814
667 110
668 965
669 240
669 581
669 825
669 862
669 916
670 75
670 275
670 828
671 564
671 738
672 494
672 551
672 955
673 191
673 484
673 674
673 726
673 951
674 26
674 36
674 298
674 324
674 525
674 631
675 255
675 486
675 797
676 68
676 120
676 127
676 209
677 339
677 394
678 76
678 419
678 552
679 203
679 272
679 300
680 326
680 351
680 937
681 246
681 326
682 278
682 592
682 793
683 69
683 240
683 442
684 597
685 568
685 793
686 22
686 297
686 628
686 689
686 959
687 329
687 340
687 859
688 290
688 361
688 891
689 403
689 507
690 66
690 232
690 283
690 945
690 952
691 299
692 130
693 305
693 720
693 855
693 883
694 222
694 538
694 981
695 23
695 91
695 734
696 44
696 535
696 566
696 713
697 433
697 455
697 619
699 85
699 755
699 988
700 222
700 459
700 739
700 836
701 549
701 662
702 132
702 287
702 557
702 631
702 740
703 456
704 374
704 767
704 835
704 899
705 502
705 612
705 766
705 904
705 933
706 98
706 703
707 167
707 670
707 828
709 402
709 497
709 700
709 996
710 22
710 257
710 318
710 550
710 557
710 850
711 752
712 17
712 580
712 830
712 982
713 582
713 840
713 847
713 973
714 847
715 179
715 795
715 830
716 7
716 496
717 218
717 891
718 284
718 502
718 557
718 622
718 626
718 964
719 42
719 108
719 164
719 384
719 413
719 963
720 54
720 472
720 699
721 152
721 209
721 307
721 651
721 711
721 770
722 620
722 668
722 694
722 744
722 988
723 254
723 343
723 635
723 673
724 699
725 423
725 453
725 465
725 484
725 640
725 684
725 943
726 123
727 21
727 221
727 634
728 767
729 7
729 445
729 718
729 971
730 283
730 802
731 409
731 825
732 238
733 151
733 560
734 187
734 754
735 451
735 605
736 185
736 572
736 600
736 651
736 896
737 446
737 510
737 906
738 8
738 555
739 7
740 309
740 648
741 357
741 455
741 612
741 851
741 998
742 20
742 313
742 618
743 333
743 479
743 611
744 285
744 713
744 777
745 360
745 490
745 492
746 95
746 766
746 811
747 636
748 358
748 548
748 935
748 938
749 231
749 345
749 581
749 862
749 898
750 53
751 207
751 651
751 695
751 772
751 879
752 129
752 186
752 383
752 716
753 325
753 385
754 397
754 461
754 702
755 285
755 324
755 732
755 952
755 976
756 221
756 979
757 23
757 26
757 427
758 17
758 231
758 651
758 935
760 339
760 701
761 385
761 652
762 643
763 17
763 37
763 337
763 820
763 907
764 390
764 497
764 831
764 976
766 519
766 580
767 916
767 934
768 590
768 667
768 731
768 765
768 937
769 26
769 117
769 162
769 395
770 615
770 917
770 952
771 605
772 104
772 888
773 139
773 313
773 699
774 2
774 488
774 522
774 601
774 922
775 10
775 542
776 573
777 44
777 204
777 823
777 970
778 34
778 640
779 159
779 183
779 458
779 689
780 422
780 545
780 669
780 936
783 274
784 714
785 268
785 293
785 376
786 555
786 714
786 758
787 44
787 231
787 307
787 338
787 888
788 347
788 457
788 782
788 919
789 204
789 750
789 785
789 981
790 475
790 757
791 482
792 192
792 391
793 358
793 561
793 585
794 66
794 376
794 388
794 678
794 778
795 71
795 420
795 531
795 663
795 734
796 418
796 797
796 965
797 22
797 80
797 162
797 514
797 630
797 961
798 481
798 553
798 770
799 68
799 285
799 287
799 616
800 183
800 460
800 871
801 14
801 74
801 470
801 878
802 913
803 93
803 831
804 642
804 703
804 728
805 81
805 235
805 265
805 267
805 285
805 291
805 393
805 621
806 359
806 534
807 31
807 104
807 203
807 331
807 594
807 611
808 284
809 307
809 491
809 598
810 633
810 636
810 667
811 64
812 243
812 625
812 688
813 708
814 136
814 145
814 369
814 662
814 676
814 903
815 13
815 372
816 64
816 109
816 222
816 295
816 736
816 756
816 842
817 75
817 321
817 539
817 618
817 805
817 864
817 923
818 471
819 203
819 654
819 860
820 812
820 916
821 97
821 830
822 882
823 4
823 351
823 417
823 766
824 38
824 196
824 323
824 416
824 942
825 430
825 436
825 712
826 231
826 294
826 472
826 645
826 857
827 49
827 125
827 200
827 377
827 791
828 130
828 799
828 845
829 103
829 301
829 564
829 590
830 850
831 656
832 158
833 109
833 128
833 178
833 267
833 600
833 609
833 839
834 70
834 477
834 689
835 262
835 899
836 166
836 390
836 410
837 408
837 511
838 172
838 539
838 997
839 957
840 296
840 477
840 901
840 919
841 234
841 253
841 794
842 220
842 253
842 297
842 396
842 543
842 589
843 91
843 319
843 776
844 39
844 652
844 655
844 765
845 903
847 446
848 123
848 265
848 473
848 948
848 952
848 996
849 375
849 382
849 699
849 968
850 185
850 339
850 738
850 837
851 330
852 375
852 477
852 704
853 228
853 366
853 635
853 870
854 877
855 520
855 677
855 705
855 708
856 125
856 698
856 727
856 834
857 406
857 855
857 864
859 53
859 80
859 396
859 735
859 740
860 19
860 238
860 401
860 405
860 473
860 596
860 781
861 316
861 923
862 265
862 742
862 767
863 471
863 582
863 799
863 893
864 55
864 86
864 392
865 625
866 71
866 576
866 643
867 97
867 337
867 832
868 627
869 466
869 527
870 163
870 946
871 85
871 161
871 178
871 243
871 425
871 465
871 655
872 5
872 22
872 630
872 778
873 49
873 931
874 60
874 237
874 396
874 421
874 451
875 83
875 102
875 116
875 172
875 178
875 478
875 544
875 864
876 2
876 160
876 204
876 229
876 239
876 374
876 584
876 904
876 986
877 684
877 694
877 934
878 453
878 538
878 541
880 361
880 525
880 598
880 920
881 973
882 175
882 268
883 966
884 886
885 35
885 166
885 240
885 478
886 195
886 297
886 660
886 874
886 939
887 391
887 474
887 557
887 965
888 48
888 524
888 998
889 462
889 616
890 415
891 9
891 212
892 176
892 437
892 793
893 256
893 424
893 449
893 899
894 89
894 684
895 23
895 342
895 578
895 745
897 114
897 336
898 143
898 284
898 810
899 364
901 541
902 39
902 369
902 544
902 578
902 683
902 712
903 281
903 561
903 832
904 58
904 239
904 249
904 253
904 530
905 192
905 877
905 931
906 465
907 48
907 190
907 443
907 817
908 189
908 339
908 487
911 75
911 316
912 479
912 855
912 886
913 767
914 188
914 764
915 4
915 232
916 329
917 461
917 506
918 960
919 559
919 707
919 947
920 207
921 228
921 358
921 444
921 612
921 903
922 461
922 488
922 672
922 712
922 812
922 854
923 24
923 212
923 304
924 415
924 909
924 971
925 123
925 137
926 94
926 197
926 534
926 611
926 793
927 67
927 143
927 219
927 342
927 471
929 219
929 831
929 895
930 95
930 134
930 404
930 574
930 868
930 903
931 136
931 230
931 417
931 467
931 704
931 773
931 913
932 672
933 523
933 992
934 242
934 363
934 457
934 698
935 154
935 377
936 52
936 447
936 802
936 973
937 61
937 142
937 165
937 168
937 176
937 394
937 400
937 917
937 971
938 489
938 605
938 796
938 862
939 244
939 564
939 940
940 597
941 196
941 329
941 466
941 587
941 907
941 956
942 339
942 487
942 607
942 726
943 33
943 89
943 115
943 350
943 755
943 798
943 878
944 658
944 671
944 806
944 938
945 312
945 581
945 916
946 682
948 40
949 174
949 341
949 945
950 21
950 563
950 589
950 935
951 280
952 155
952 202
952 281
952 442
952 701
952 852
953 27
953 529
954 365
954 910
955 78
955 104
956 80
956 230
956 313
956 974
957 294
957 437
957 518
957 829
957 976
958 946
959 30
959 296
960 519
960 866
961 385
961 673
962 111
962 415
962 436
962 555
962 582
963 208
963 340
963 451
963 666
964 146
964 574
964 697
964 761
964 776
964 819
964 996
965 742
965 908
966 626
967 407
967 718
967 768
968 152
969 205
969 553
969 574
969 921
970 151
970 582
970 600
971 714
971 716
971 980
973 71
973 239
973 279
973 362
973 578
973 877
974 148
974 196
974 412
974 464
974 905
974 953
975 115
975 427
975 700
975 761
976 70
976 704
976 756
976 869
976 933
977 437
977 465
977 621
977 970
978 415
978 780
979 460
980 49
980 62
980 294
980 305
980 888
981 567
982 556
982 909
982 921
983 168
983 597
983 747
983 823
983 876
984 364
984 425
984 586
985 128
985 178
985 200
986 319
986 408
986 490
986 793
986 799
987 2
987 467
987 669
988 199
988 325
988 814
988 966
989 374
989 460
989 567
990 897
990 904
992 222
992 303
992 930
994 206
995 219
995 720
995 818
995 904
995 911
996 617
997 551
997 778
998 228
998 494
999 201
1000 172
1000 296
1000 925
