1 113
1 376
1 483
1 543
1 761
1 823
1 899
1 936
2 396
2 432
2 448
2 508
2 556
2 675
2 767
3 91
3 108
3 227
3 315
3 491
3 519
3 538
3 588
3 607
3 632
3 672
3 865
3 964
4 89
4 565
4 897
4 966
4 969
5 79
5 107
5 351
5 450
5 468
5 745
5 774
5 790
5 934
5 956
6 65
6 395
6 415
6 546
6 785
6 812
6 918
7 47
7 321
7 535
7 781
7 795
7 821
7 887
8 187
8 284
8 314
8 319
8 417
8 529
8 582
8 605
8 825
8 883
8 914
9 33
9 42
9 125
9 128
9 303
9 508
9 520
9 525
9 604
9 634
9 785
9 842
9 859
9 895
10 74
10 78
10 111
10 116
10 200
10 628
10 678
10 748
10 910
10 917
10 944
11 48
11 126
11 194
11 204
11 333
11 357
11 405
11 422
11 496
11 499
11 560
11 676
11 872
11 968
12 78
12 135
12 309
12 677
12 687
12 827
13 53
13 57
13 207
13 351
13 455
13 463
13 469
13 529
13 625
13 744
13 772
13 808
13 921
13 975
14 138
14 142
14 224
14 234
14 680
14 730
14 737
14 953
15 179
15 228
15 515
15 612
15 760
15 801
15 942
16 69
16 287
16 400
16 401
16 525
16 549
16 557
16 662
16 733
16 916
17 90
17 188
17 373
17 861
18 150
18 173
18 235
18 661
18 710
18 804
18 882
19 60
19 230
19 487
19 535
19 666
19 704
19 717
19 726
19 808
19 920
19 938
19 941
19 971
20 492
20 709
20 748
20 781
20 854
21 141
21 146
21 215
21 224
21 239
21 312
21 410
21 412
21 531
21 548
21 705
21 826
21 830
21 975
22 67
22 125
22 298
22 307
22 342
22 488
22 592
22 746
22 803
22 830
22 913
23 137
23 256
23 281
23 411
23 580
23 586
23 714
23 869
23 884
24 83
24 231
24 534
24 563
24 589
24 666
24 690
24 692
24 838
24 900
24 934
25 119
25 249
25 561
25 562
25 751
25 797
25 906
26 144
26 146
26 234
26 256
26 370
26 464
26 476
26 478
26 593
26 713
26 937
27 109
27 119
27 368
27 414
27 513
27 588
27 646
27 804
27 892
27 984
28 89
28 109
28 196
28 269
28 275
28 329
28 380
28 404
28 420
28 547
28 604
28 668
28 780
28 853
28 861
29 40
29 54
29 109
29 118
29 197
29 210
29 310
29 401
29 462
29 999
30 54
30 66
30 72
30 152
30 175
30 312
30 369
30 437
30 486
30 512
30 532
30 568
30 657
30 717
30 810
30 927
30 934
30 984
31 109
31 776
31 907
31 959
32 108
32 244
32 469
32 589
32 707
32 791
33 370
33 587
33 643
33 659
33 709
33 747
33 790
34 96
34 216
34 252
34 279
34 323
34 324
34 345
34 366
34 505
34 519
34 578
34 787
34 789
34 798
35 173
35 204
35 218
35 496
35 594
35 775
35 859
35 908
35 932
35 955
36 106
36 174
36 214
36 263
36 334
36 375
36 380
36 654
36 819
36 948
36 969
37 90
37 446
37 569
37 668
37 803
37 812
37 885
37 922
37 1000
38 86
38 241
38 346
38 418
38 450
38 530
38 571
38 579
38 582
38 626
38 732
38 997
39 287
39 445
39 453
39 478
39 776
39 860
40 79
40 248
40 267
40 859
40 972
41 50
41 381
41 386
41 397
41 422
41 439
41 462
41 525
41 764
41 785
41 802
41 991
42 222
42 406
42 464
42 687
42 744
42 750
42 976
43 466
43 570
43 760
43 772
43 983
44 74
44 139
44 296
44 318
44 347
44 530
44 678
44 734
44 799
44 861
45 70
45 116
45 286
45 359
45 381
45 609
45 649
45 671
45 705
45 717
46 50
46 121
46 229
46 238
46 303
46 318
46 532
46 592
46 807
46 967
47 91
47 425
47 507
47 525
47 609
47 610
47 656
47 697
47 738
47 806
47 968
48 77
48 92
48 188
48 404
48 489
48 559
48 583
48 602
48 654
48 661
48 853
48 927
48 954
48 965
48 996
49 88
49 295
49 399
49 578
49 715
49 745
49 912
49 996
50 103
50 346
50 761
50 837
50 889
50 919
50 926
50 948
50 971
51 95
51 172
51 303
51 325
51 338
51 537
51 596
51 651
51 737
52 108
52 114
52 250
52 415
52 514
52 648
52 722
52 745
52 991
53 141
53 191
53 239
53 287
53 414
53 505
53 637
53 727
53 741
53 776
53 790
53 815
54 59
54 191
54 259
54 368
54 481
54 483
54 575
54 589
54 678
54 753
54 841
54 950
55 165
55 169
55 546
55 673
55 713
55 731
55 814
55 918
55 925
56 154
56 269
56 284
56 345
56 348
56 537
56 599
56 605
56 606
56 923
56 933
57 141
57 343
57 570
57 583
57 625
57 639
57 676
57 692
57 755
57 860
57 867
57 886
58 104
58 163
58 257
58 311
58 392
58 463
58 503
58 589
58 633
58 861
59 317
59 786
59 856
59 944
60 72
60 335
60 464
60 604
60 658
60 932
61 221
61 317
61 362
61 363
61 430
61 472
61 530
61 861
61 866
61 909
62 306
62 412
62 521
62 534
62 568
62 675
62 832
62 891
62 902
63 87
63 194
63 353
63 401
63 402
63 441
63 510
63 544
63 725
63 779
63 817
64 87
64 93
64 138
64 149
64 183
64 239
64 270
64 467
64 503
64 609
64 791
64 821
64 830
64 950
64 957
65 76
65 142
65 189
65 221
65 254
65 496
65 567
65 620
65 877
65 964
65 982
66 103
66 404
66 447
66 480
66 629
66 646
66 857
66 947
67 176
67 206
67 210
67 237
67 286
67 428
67 465
67 545
67 548
67 681
67 700
67 784
67 817
67 970
68 111
68 519
68 653
68 671
68 786
68 805
68 837
68 925
69 108
69 233
69 318
69 343
69 370
69 382
69 424
69 518
69 531
69 657
69 693
69 778
69 902
70 151
70 219
70 295
70 365
70 671
70 762
70 877
71 91
71 154
71 248
71 468
71 567
71 967
72 126
72 141
72 189
72 336
72 460
72 499
72 506
72 576
72 697
72 743
72 765
72 902
72 941
72 985
73 97
73 104
73 158
73 189
73 203
73 232
73 237
73 266
73 313
73 380
73 463
73 495
73 664
73 745
73 880
74 184
74 226
74 298
74 338
74 376
74 423
74 442
74 529
74 691
74 736
74 752
74 762
74 821
75 98
75 188
75 303
75 454
75 567
75 577
75 605
75 777
75 790
75 884
76 245
76 459
76 474
76 610
76 628
76 631
76 734
76 756
76 986
77 190
77 284
77 395
77 546
77 565
77 711
77 732
77 750
77 753
77 814
78 120
78 278
78 452
78 588
78 702
78 718
78 752
78 822
78 899
79 405
79 472
79 547
79 588
79 653
80 83
80 188
80 271
80 380
80 386
80 404
80 637
80 655
80 661
80 693
80 739
80 798
80 810
80 935
81 335
81 634
81 697
82 293
82 304
82 314
82 352
82 372
82 401
82 524
82 579
82 639
82 672
82 703
82 790
82 804
82 921
83 122
83 254
83 313
83 476
83 482
83 491
83 568
83 632
83 687
83 906
84 114
84 128
84 163
84 244
84 368
84 454
84 508
84 702
84 710
84 767
85 247
85 430
85 482
85 523
85 540
85 700
85 782
85 784
85 862
85 915
85 976
86 195
86 229
86 261
86 262
86 277
86 441
86 525
86 682
86 705
86 741
86 795
87 97
87 226
87 527
87 557
87 565
87 676
87 733
87 781
87 882
87 952
88 159
88 249
88 991
89 96
89 242
89 396
89 781
89 842
89 852
89 885
89 929
90 175
90 326
90 364
90 453
90 807
90 821
90 828
90 859
90 930
90 976
91 188
91 250
91 369
91 494
91 770
91 838
91 939
92 193
92 221
92 279
92 318
92 448
92 452
92 535
92 823
92 828
93 174
93 483
93 666
94 137
94 175
94 350
94 689
94 761
94 819
94 852
94 984
95 151
95 158
95 223
95 440
95 485
95 579
95 693
96 177
96 257
96 317
96 358
96 410
96 556
96 677
96 678
96 687
96 759
96 796
96 801
96 948
96 997
97 133
97 193
97 447
97 487
97 565
97 813
97 815
98 156
98 274
98 332
98 364
98 385
98 424
98 432
98 549
98 578
98 627
98 904
99 147
99 268
99 370
99 624
99 648
99 802
99 858
100 192
100 213
100 244
100 261
100 471
100 482
100 561
100 574
100 577
100 658
101 114
101 223
101 338
101 433
101 497
101 573
101 800
101 850
102 105
102 159
102 190
102 222
102 295
102 533
102 602
102 886
102 972
103 177
103 250
103 349
103 379
103 566
103 585
103 715
103 997
104 152
104 176
104 209
104 281
104 302
104 343
104 376
104 571
104 671
104 679
104 919
105 246
105 273
105 428
105 531
105 714
105 907
106 115
106 168
106 396
106 416
106 476
106 513
106 638
106 694
107 121
107 129
107 196
107 517
108 155
108 165
108 401
108 422
108 483
108 521
108 595
108 859
108 867
108 930
109 152
109 428
109 526
109 736
109 751
110 135
110 256
110 372
110 382
110 502
110 721
110 726
110 761
110 785
110 828
110 882
111 119
111 146
111 162
111 191
111 261
111 262
111 282
111 317
111 387
111 590
111 727
112 123
112 570
112 613
112 682
112 726
112 740
112 773
112 976
113 237
113 250
113 386
113 411
113 636
113 809
113 910
113 947
114 149
114 199
114 242
114 251
114 255
114 307
114 389
114 403
114 441
114 624
114 700
114 712
114 793
114 803
114 819
114 900
114 950
115 291
115 389
115 443
115 449
115 550
115 618
115 827
115 890
115 908
115 970
116 157
116 223
116 229
116 295
116 354
116 411
116 423
116 547
116 548
116 638
116 802
116 815
116 917
116 984
117 375
117 495
117 524
117 625
117 656
117 678
117 707
117 960
117 976
118 179
118 243
118 346
118 375
118 506
118 715
118 856
118 858
118 950
118 954
119 167
119 192
119 209
119 273
119 316
119 327
119 345
119 461
119 616
119 633
119 840
119 956
120 297
120 420
120 431
120 443
120 568
120 590
120 605
120 642
120 690
120 772
120 785
120 958
120 984
121 359
121 390
121 625
121 695
121 719
121 769
121 937
122 168
122 434
122 518
122 532
122 641
122 647
122 736
122 759
122 808
122 813
122 829
122 947
122 964
122 990
122 997
123 191
123 290
123 342
123 528
123 590
123 778
123 868
123 934
124 245
124 340
124 446
124 463
124 515
124 595
124 685
124 773
124 784
125 147
125 254
125 281
125 389
125 528
125 555
125 675
125 701
125 957
126 364
126 433
126 466
126 702
126 705
126 728
126 894
126 905
126 916
126 932
127 183
127 262
127 328
127 639
127 681
127 725
127 821
127 842
128 158
128 242
128 250
128 288
128 511
128 634
128 681
128 820
129 161
129 163
129 185
129 340
129 354
129 564
129 695
130 199
130 238
130 515
130 559
130 586
130 667
130 761
131 185
131 276
131 566
131 582
131 604
131 708
131 755
131 813
132 178
132 267
132 375
132 603
132 659
132 750
132 767
132 895
132 991
133 151
133 277
133 328
133 353
133 435
133 491
133 516
133 620
133 628
133 831
133 875
134 220
134 575
134 614
134 727
134 732
134 783
135 152
135 215
135 251
135 452
135 525
135 675
135 681
135 832
135 861
135 871
136 151
136 260
136 474
136 515
136 541
136 600
136 645
136 776
136 822
136 841
136 855
136 944
137 160
137 173
137 201
137 217
137 220
137 224
137 280
137 317
137 371
137 409
137 520
137 569
137 681
137 737
137 771
137 808
137 834
137 974
137 981
137 987
138 453
138 536
138 661
138 709
138 892
138 965
139 227
139 285
139 378
139 525
139 538
139 540
139 578
139 607
139 672
139 775
139 910
140 439
140 568
140 605
140 797
140 904
140 920
141 178
141 219
141 306
141 357
141 368
141 627
141 944
142 153
142 203
142 281
142 288
142 363
142 785
142 886
142 997
143 150
143 565
143 685
143 697
143 708
143 752
143 808
143 839
143 962
144 379
144 394
144 439
144 525
144 586
144 757
144 784
144 884
144 978
144 988
145 191
145 210
145 263
145 330
145 502
145 532
145 534
145 673
145 723
145 962
146 175
146 179
146 185
146 206
146 423
146 498
146 533
146 725
146 775
146 788
146 813
146 929
147 374
147 408
147 656
147 716
147 729
147 968
147 969
148 258
148 686
148 825
148 866
149 245
149 348
149 509
149 584
149 720
149 881
149 936
149 954
150 169
150 201
150 273
150 316
150 382
150 422
150 459
150 659
150 705
150 811
150 856
150 989
151 285
151 333
151 441
151 481
151 486
151 593
151 668
151 864
151 887
151 926
152 229
152 313
152 319
152 322
152 331
152 641
152 684
152 696
152 761
152 858
152 880
152 881
152 954
152 962
152 988
153 196
153 223
153 280
153 288
153 304
153 377
153 548
153 757
153 803
153 804
153 872
153 890
153 950
153 961
154 171
154 400
154 510
154 521
154 842
154 913
155 185
155 327
155 382
155 393
155 400
155 506
155 511
155 548
155 627
155 745
155 788
155 837
155 982
155 993
156 298
156 303
156 370
156 471
156 518
156 562
156 564
156 597
156 663
156 729
156 748
156 777
156 833
157 178
157 333
157 345
157 564
157 611
157 702
157 790
157 996
158 218
158 276
158 319
158 337
158 481
158 657
158 749
158 914
159 203
159 342
159 378
159 521
159 547
159 548
159 620
159 664
159 770
159 869
159 979
159 984
159 997
160 174
160 201
160 245
160 259
160 388
160 419
160 593
160 780
160 879
161 317
161 324
161 352
161 448
161 566
161 568
161 814
161 993
162 317
162 369
162 632
162 816
162 852
162 952
163 265
163 382
163 453
163 512
163 527
163 558
163 612
163 620
163 642
163 654
163 914
163 933
163 964
163 979
164 299
164 336
164 417
164 448
164 555
164 745
164 911
164 954
165 170
165 194
165 251
165 315
165 406
165 484
165 556
165 640
165 654
165 815
165 852
165 962
165 965
166 371
166 593
167 214
167 268
167 310
167 370
167 448
167 485
167 533
167 535
167 698
167 706
167 815
167 866
167 980
168 252
168 416
168 423
168 459
168 469
168 577
168 578
168 643
168 778
168 929
169 178
169 311
169 370
169 697
169 820
169 845
169 848
170 286
170 315
170 411
170 454
170 530
170 742
170 753
170 917
170 929
170 949
170 996
171 176
171 192
171 352
171 420
171 457
171 697
171 868
171 929
171 939
171 979
172 332
172 362
172 651
172 726
172 833
172 847
173 282
173 500
173 591
173 655
173 712
173 727
173 844
173 931
174 212
174 447
174 535
174 555
174 655
174 746
174 813
174 867
175 274
175 343
175 379
175 597
175 686
175 924
176 206
176 570
176 641
176 701
176 980
177 278
177 348
177 449
177 530
177 534
177 549
177 601
177 602
177 633
177 661
177 732
177 734
177 753
177 815
177 940
177 985
178 216
178 317
178 323
178 335
178 343
178 404
178 422
178 529
178 648
178 978
178 982
179 309
179 453
179 476
179 870
179 872
179 921
180 191
180 228
180 260
180 321
180 366
180 419
180 433
180 467
180 561
180 568
180 633
181 327
181 436
181 521
181 553
181 573
181 593
181 842
181 924
181 947
182 243
182 303
182 358
182 427
182 488
182 528
182 712
182 730
182 945
183 262
183 313
183 498
183 561
183 598
183 634
183 957
184 200
184 278
184 332
184 419
184 453
184 645
184 795
184 874
184 975
185 388
185 540
185 628
185 705
185 868
186 264
186 400
186 445
186 615
186 681
186 771
186 791
186 857
186 886
186 920
186 921
186 936
186 949
187 212
187 215
187 254
187 260
187 450
187 457
187 678
187 761
187 829
187 919
187 928
187 978
187 992
188 208
188 285
188 490
188 507
188 583
188 684
188 820
188 833
188 959
189 234
189 247
189 377
189 396
189 464
189 594
189 595
189 836
189 842
190 276
190 313
190 401
190 498
190 505
190 526
190 545
190 628
190 674
190 713
190 890
191 249
191 289
191 511
191 516
191 520
191 541
191 765
191 862
191 929
192 257
192 333
192 584
192 594
192 724
193 507
193 685
193 698
193 737
193 776
193 835
193 881
193 898
193 934
194 487
194 535
194 581
194 585
194 667
194 679
194 741
194 823
194 842
195 313
195 336
195 474
195 534
195 985
196 249
196 666
196 746
196 946
196 958
197 220
197 254
197 374
198 250
198 298
198 316
198 345
198 411
198 487
198 524
198 554
198 605
198 645
198 705
198 712
198 821
198 873
198 932
199 448
199 541
199 860
199 922
199 946
200 212
200 303
200 336
200 454
200 679
200 782
200 825
201 231
201 250
201 415
201 600
201 620
201 719
201 894
202 362
202 377
202 387
202 458
202 480
202 494
202 523
202 715
202 783
202 831
202 923
203 316
203 422
203 448
203 608
203 692
203 811
203 879
204 483
204 531
204 714
204 723
204 818
204 844
205 275
205 540
205 738
205 784
205 790
205 962
205 981
206 210
206 409
206 417
206 432
206 558
206 745
206 760
206 885
206 906
206 978
207 263
207 270
207 399
207 686
207 908
207 916
207 996
208 392
208 408
208 456
208 465
208 518
208 525
208 596
208 671
208 745
208 752
208 991
209 223
209 234
209 251
209 341
209 370
209 376
209 495
209 499
209 736
209 924
210 242
210 263
210 408
210 452
210 627
210 697
210 707
211 321
211 402
211 468
211 482
211 528
211 591
211 763
211 783
212 267
212 348
212 362
212 422
212 547
212 571
212 722
212 977
213 316
213 342
213 356
213 361
213 378
213 384
213 667
213 695
213 756
214 318
214 601
214 941
215 460
215 544
215 740
215 806
216 393
216 409
216 418
216 698
216 727
216 738
216 886
216 893
216 993
217 307
217 386
217 537
217 572
217 636
217 643
217 719
217 731
217 837
217 911
217 951
217 970
217 975
218 295
218 314
218 388
218 420
218 569
218 634
218 639
218 748
218 804
218 871
219 279
219 448
219 622
219 803
219 867
219 874
219 940
219 945
219 961
220 344
220 372
220 455
220 492
220 576
220 778
220 813
220 831
220 900
221 410
221 456
221 470
221 495
221 587
221 597
221 627
221 667
221 760
221 864
221 973
222 260
222 261
222 330
222 395
222 479
222 701
222 712
222 909
223 464
223 465
223 573
223 771
224 339
224 387
224 389
224 529
224 753
224 789
224 811
224 861
224 970
224 975
225 269
225 359
225 448
225 496
225 597
225 640
225 648
225 813
225 910
225 956
225 974
226 482
226 486
226 713
226 732
226 741
226 773
226 817
227 316
227 389
227 514
227 569
227 574
227 781
228 360
228 363
228 441
228 458
228 545
228 703
228 859
228 881
228 956
229 244
229 303
229 435
229 484
229 593
229 862
229 882
229 897
229 948
229 971
229 974
230 817
230 833
230 904
231 435
231 551
231 603
231 754
232 290
232 391
232 652
232 809
232 858
233 257
233 347
233 382
233 495
233 627
233 629
233 708
233 996
234 423
234 509
234 569
234 654
234 685
234 731
234 759
234 822
234 877
235 316
235 320
235 328
235 437
235 738
235 766
235 794
235 799
235 958
236 369
236 436
236 831
236 981
236 995
237 305
237 339
237 439
237 595
237 919
238 321
238 391
238 539
238 913
239 405
239 578
239 766
239 790
239 875
239 882
239 927
240 333
240 458
240 475
240 699
240 855
240 996
241 268
241 406
241 441
241 457
241 517
241 536
241 558
241 764
241 852
242 283
242 306
242 327
242 478
242 757
242 851
243 259
243 349
243 472
243 667
243 874
243 966
244 310
244 374
244 460
244 494
244 711
245 267
245 418
245 548
245 610
245 815
245 934
246 328
246 448
246 778
246 846
246 903
247 365
247 487
247 787
247 799
247 841
248 501
248 506
248 754
248 764
248 780
248 872
248 886
248 907
248 938
249 261
249 370
249 496
249 655
249 674
249 957
250 258
250 374
250 481
250 579
250 753
250 784
250 832
250 933
251 257
251 687
252 342
252 353
252 378
252 388
252 558
252 578
252 610
252 661
252 811
252 860
253 320
253 441
253 683
253 722
253 737
253 742
253 847
253 868
254 375
254 497
254 584
254 662
254 739
255 358
255 532
255 625
255 718
255 779
255 790
255 799
255 908
256 304
256 445
256 461
256 531
256 563
256 609
256 639
256 718
256 740
256 992
257 329
257 346
257 358
257 679
257 749
257 822
258 284
258 434
258 451
258 521
258 565
258 570
258 652
258 748
258 777
259 406
259 424
259 550
259 577
259 608
259 784
259 792
260 299
260 300
260 381
260 423
260 456
260 498
260 504
260 523
260 588
260 591
260 631
260 916
261 582
261 998
262 344
262 432
262 807
263 309
263 372
263 433
263 514
263 621
263 738
263 741
263 770
263 785
263 886
263 977
264 399
264 587
264 678
264 688
264 717
264 728
264 747
264 842
265 364
265 483
265 566
265 594
266 311
266 554
266 584
266 706
266 881
267 497
267 738
268 318
268 398
268 415
268 456
268 528
268 639
268 760
268 970
268 999
269 302
269 325
269 334
269 643
269 724
269 733
269 780
269 969
269 971
269 993
270 382
270 667
270 705
270 724
271 295
271 319
271 482
271 590
271 727
271 755
271 763
271 895
271 960
272 449
272 456
272 519
272 650
272 731
272 756
272 790
272 842
273 411
273 416
273 613
273 753
273 761
273 972
274 292
274 313
274 340
274 361
274 368
274 517
274 621
274 659
274 759
274 908
274 977
275 303
275 333
275 376
275 386
275 392
275 471
275 627
275 761
275 815
275 886
275 963
276 336
276 376
276 614
276 619
276 901
276 958
277 400
277 588
277 747
277 948
278 347
278 376
278 390
278 397
278 402
278 411
278 479
278 519
278 621
278 671
278 707
278 782
278 800
278 868
279 309
279 626
279 876
279 982
280 375
280 672
280 884
280 940
281 288
281 321
281 322
281 503
281 570
281 847
281 856
281 899
282 712
282 941
283 376
283 480
283 503
283 571
283 598
283 619
283 761
283 838
283 939
283 940
284 301
284 540
284 591
284 619
284 630
284 904
284 919
284 990
285 337
285 355
285 381
285 434
285 610
285 872
285 969
286 327
286 336
286 400
286 414
286 552
286 773
286 801
286 856
286 940
287 319
287 410
287 523
287 575
287 636
287 707
287 714
287 911
288 417
288 635
288 640
288 649
288 732
288 771
288 928
289 525
289 647
289 749
289 757
289 759
289 994
290 598
290 810
291 407
291 511
291 976
292 698
293 337
293 526
293 599
293 617
293 741
293 758
293 781
293 874
293 895
293 980
293 983
294 397
294 522
294 729
294 951
295 378
295 395
295 525
295 547
295 577
295 668
295 791
295 805
295 841
295 914
295 931
295 953
295 967
296 302
296 406
296 619
296 866
296 955
296 979
297 454
297 588
297 664
297 669
297 717
297 900
298 324
298 361
298 421
298 701
298 737
298 831
298 875
298 905
299 354
299 447
299 466
299 528
299 580
299 621
299 666
299 674
299 731
299 733
299 867
299 938
300 651
300 693
300 705
300 771
300 811
301 404
301 433
301 473
301 475
301 832
301 845
301 855
301 956
302 318
302 356
302 405
302 646
302 732
302 809
302 814
302 817
302 943
303 439
303 463
303 581
303 594
303 678
303 704
303 717
303 809
303 836
303 856
303 918
304 526
304 545
304 546
304 590
304 728
304 826
304 878
304 930
305 399
305 478
305 514
305 669
305 813
305 821
305 939
305 951
305 999
306 319
306 433
306 593
306 648
306 709
307 593
307 739
308 493
308 501
308 621
308 634
308 844
309 493
309 539
309 613
309 658
309 681
309 781
309 914
310 369
310 502
310 527
310 726
311 316
311 478
311 555
311 626
311 818
311 821
311 997
312 712
312 915
312 921
312 974
313 330
313 383
313 461
313 516
313 793
313 940
314 492
314 651
314 776
314 836
314 941
314 958
315 441
315 515
315 656
315 806
315 816
315 869
316 356
316 361
316 517
316 599
316 785
316 837
317 405
317 417
317 427
317 749
317 775
317 908
318 335
318 426
318 434
318 459
318 461
318 780
318 961
319 392
319 499
319 574
319 611
319 710
319 789
319 999
320 583
320 624
320 672
320 677
320 691
320 828
321 388
321 431
321 535
321 557
321 614
321 698
321 738
321 759
322 338
322 364
322 540
322 561
322 808
322 1000
323 363
323 398
323 483
323 499
323 525
323 564
323 578
323 624
323 736
323 759
323 775
323 847
323 935
323 976
323 979
324 367
324 543
324 666
324 742
324 912
324 930
324 985
325 339
325 567
325 664
325 744
325 776
326 430
326 502
326 523
326 749
327 330
327 409
327 671
327 766
327 770
327 839
327 994
328 344
328 370
328 382
328 384
328 411
328 430
328 441
328 489
328 598
328 888
328 892
329 337
329 360
329 479
329 566
329 667
329 828
329 915
330 425
330 505
330 747
330 814
330 826
330 910
330 916
330 943
330 954
330 960
331 422
331 438
331 604
331 704
331 767
331 811
331 948
331 997
332 361
332 434
332 481
332 538
332 664
332 723
332 744
332 774
332 789
332 981
332 990
333 346
333 359
333 435
333 600
333 682
333 893
334 500
335 561
335 656
335 735
335 757
335 979
336 344
336 399
336 451
336 624
336 712
336 750
336 776
336 792
336 858
336 973
337 348
337 513
337 638
337 831
337 863
338 395
338 513
338 521
338 568
338 633
338 725
338 749
339 387
339 402
339 421
339 553
339 655
339 700
339 748
339 797
339 857
339 949
339 976
340 396
340 885
340 960
340 975
341 727
341 840
341 881
341 924
341 988
342 403
342 541
342 648
342 844
342 927
342 952
343 347
343 466
343 571
343 661
343 823
343 856
343 920
343 941
343 985
344 360
344 435
344 489
344 496
344 826
344 958
344 967
345 406
345 752
345 777
346 414
346 533
346 742
346 973
347 498
347 703
347 719
347 736
347 749
347 755
347 790
347 975
348 488
348 570
348 597
349 395
349 717
349 751
349 960
350 402
350 436
350 508
350 638
350 642
350 688
350 755
350 975
350 982
350 998
351 507
351 584
351 787
351 878
351 995
352 355
352 403
352 547
352 565
352 567
352 728
352 848
352 855
353 394
353 402
353 408
353 420
353 582
353 603
353 728
353 758
353 853
353 859
353 928
354 419
354 524
354 690
354 787
354 844
354 909
354 948
355 369
355 412
355 444
355 540
355 866
356 459
356 513
356 717
356 768
356 864
357 363
357 430
357 507
357 620
357 775
357 819
358 422
358 452
358 486
358 529
358 728
358 959
358 988
359 422
359 502
359 628
359 857
359 897
359 970
360 368
360 371
360 427
360 451
360 582
360 646
360 661
361 376
361 613
361 656
361 699
361 745
362 365
362 377
362 445
362 489
362 570
362 601
362 698
363 443
363 559
364 507
364 571
364 645
364 662
364 681
364 817
364 830
364 844
364 924
364 978
365 490
365 560
365 693
365 768
365 851
365 852
365 854
365 855
365 959
366 426
366 550
366 650
366 777
366 902
366 930
366 986
366 993
367 522
367 659
367 757
367 856
368 505
368 583
368 584
368 602
368 861
368 914
369 434
369 523
369 598
369 603
369 782
369 976
370 404
370 414
370 556
370 590
370 601
370 613
370 638
370 733
370 768
370 820
371 570
371 633
371 797
371 933
372 591
372 666
372 676
372 690
372 874
372 907
372 943
373 533
373 553
373 908
373 956
373 958
373 964
374 443
374 670
374 683
374 902
375 401
375 412
375 560
375 619
375 633
375 706
375 707
375 727
375 852
375 874
375 900
376 490
376 540
376 590
376 638
376 659
376 678
376 705
376 838
376 966
377 386
377 390
377 431
377 578
377 580
377 671
377 706
377 757
377 859
377 906
378 829
378 844
378 870
378 880
378 950
379 381
379 480
379 678
379 688
379 711
379 891
380 420
380 573
380 610
380 711
380 717
380 732
380 794
380 892
381 719
381 905
382 588
382 601
382 713
382 726
382 817
382 870
382 952
383 384
383 385
383 498
383 591
383 630
383 738
384 388
384 773
384 945
385 461
385 543
385 568
385 603
385 677
385 688
385 735
385 830
385 886
385 888
385 892
385 896
386 453
386 455
386 566
386 858
386 875
386 927
387 424
387 557
387 785
387 819
387 896
388 576
388 823
389 444
389 589
389 647
389 651
389 851
389 940
390 434
390 469
390 577
390 612
390 700
390 755
390 775
390 853
390 891
391 400
391 516
391 573
391 662
391 679
391 773
391 867
391 905
391 980
391 999
392 430
392 775
392 914
393 459
393 525
393 543
393 723
393 961
394 431
394 478
394 600
394 611
394 888
394 905
394 934
394 983
395 426
395 595
395 707
395 718
395 731
395 803
396 699
396 725
396 763
396 772
397 407
397 409
397 443
397 902
398 615
398 910
399 625
399 654
399 943
400 512
400 583
400 680
400 914
401 521
401 714
401 804
402 503
403 473
403 613
403 647
403 841
403 923
404 434
404 643
404 682
404 743
405 406
405 522
405 641
405 702
405 743
405 883
405 912
406 446
406 554
406 556
406 684
406 898
406 952
406 998
407 526
407 791
407 863
407 946
407 966
407 998
408 447
408 805
408 985
409 821
409 825
410 443
410 452
410 508
410 524
410 659
410 741
410 792
410 877
410 909
411 436
411 517
411 669
411 673
411 863
411 969
412 441
412 468
412 636
412 637
412 874
412 977
413 447
413 514
413 818
414 422
414 468
414 492
414 495
414 665
414 706
414 711
414 794
415 481
415 917
415 935
415 950
416 508
416 533
416 666
416 716
416 836
416 840
416 860
416 890
417 436
417 437
417 553
417 668
417 817
417 933
417 948
417 967
418 503
418 536
418 562
418 617
419 672
419 716
419 782
419 869
419 891
420 634
420 658
420 688
420 838
420 865
420 906
420 967
420 987
421 550
421 573
421 688
421 710
421 885
422 604
423 496
423 827
423 868
423 916
423 1000
424 802
424 871
424 900
424 937
425 435
425 446
425 512
425 526
425 619
425 688
425 702
425 778
425 800
425 853
425 877
425 917
425 977
425 990
426 468
426 539
426 558
426 594
426 716
426 738
426 756
426 770
426 853
426 882
426 897
427 464
427 521
427 607
427 726
427 747
427 889
427 909
428 647
428 773
429 450
429 499
429 530
429 829
429 831
429 968
430 640
430 700
431 623
431 646
431 726
431 819
431 878
432 501
432 581
432 656
432 695
432 866
432 876
432 926
433 475
433 519
433 532
433 761
433 997
434 454
434 459
434 538
434 815
435 456
435 468
435 504
435 581
435 680
435 739
435 818
435 853
436 479
436 702
436 703
436 752
436 769
437 454
437 491
437 508
437 653
437 726
437 745
437 923
437 974
437 985
438 621
438 748
438 942
439 911
439 916
439 938
440 652
440 756
440 886
441 531
441 694
441 742
441 785
441 934
441 954
442 508
442 526
442 565
442 631
442 635
442 675
442 755
442 763
442 870
443 487
443 509
443 584
443 685
443 810
443 837
443 862
444 512
444 662
444 718
444 753
444 960
445 578
445 664
445 751
445 855
445 896
445 903
445 979
446 460
446 496
446 535
446 685
446 689
446 710
446 717
446 760
446 772
446 900
446 979
447 847
447 918
447 920
447 995
448 477
448 724
448 892
448 959
449 566
449 598
449 601
449 609
449 777
449 802
449 841
449 874
449 890
450 453
450 460
450 517
450 598
450 902
450 912
451 515
451 704
452 459
452 492
452 581
452 612
452 673
452 785
453 458
453 544
453 767
454 574
454 615
454 893
454 915
455 551
455 624
455 631
455 637
455 661
455 764
455 868
455 921
455 927
455 965
456 501
456 857
456 944
457 688
457 755
457 806
457 867
457 942
458 612
458 719
458 780
458 791
458 864
459 624
459 851
459 979
460 564
460 565
460 566
460 573
460 617
460 665
460 928
460 992
461 543
461 686
461 718
461 723
461 799
462 632
462 724
462 957
462 966
463 550
463 622
463 628
463 644
463 883
464 484
464 629
464 757
464 826
464 989
465 653
465 845
465 897
466 526
466 613
466 674
466 695
466 696
466 798
466 883
467 561
467 634
467 642
467 790
467 867
468 612
468 646
468 663
468 728
468 803
468 940
469 525
469 673
469 732
469 778
469 871
469 875
469 958
469 971
469 996
470 483
470 585
470 631
470 748
471 477
471 516
471 776
471 837
471 934
471 958
472 500
472 609
472 612
472 840
472 848
472 905
472 919
472 996
473 537
473 582
473 626
473 663
473 664
473 720
473 790
473 911
474 513
474 565
474 596
474 658
474 765
474 779
474 879
474 896
474 911
474 938
475 605
475 754
475 952
476 611
476 787
476 857
476 998
477 503
477 519
477 783
477 834
477 1000
478 482
478 562
478 623
478 903
478 948
479 539
479 560
479 799
479 824
479 870
479 890
479 919
479 943
480 706
480 826
480 878
480 903
481 498
481 510
481 538
481 582
481 768
481 775
481 953
482 572
482 594
483 491
483 626
483 927
484 598
484 620
484 708
484 857
485 525
485 549
485 691
485 785
486 517
486 555
486 709
486 732
486 835
486 838
486 966
486 973
486 982
486 999
487 511
487 538
487 586
487 661
487 709
487 758
487 814
487 925
488 498
488 567
488 624
488 683
488 724
488 866
488 921
488 975
489 491
489 689
489 776
489 811
489 833
490 554
490 627
490 628
490 762
490 784
490 797
490 854
490 875
491 879
492 566
492 645
492 693
492 887
492 888
493 497
493 523
493 648
493 731
494 576
494 797
494 820
494 905
495 574
495 580
495 731
495 985
495 993
496 840
496 993
497 648
497 660
497 716
497 758
497 764
497 807
498 530
498 604
498 675
498 707
498 869
498 999
499 538
499 547
499 777
499 787
499 821
500 947
500 960
501 516
501 518
501 654
501 680
501 708
501 753
501 814
501 860
501 931
501 999
502 584
502 724
502 840
503 504
503 541
503 631
503 730
504 554
504 596
504 613
504 760
504 917
504 925
504 951
505 513
505 523
505 525
505 587
505 622
505 727
505 940
505 987
506 557
506 609
506 647
506 727
506 823
506 939
507 710
507 777
507 816
507 851
507 876
508 897
508 979
509 663
509 675
509 718
509 805
509 835
509 941
509 996
510 570
510 578
510 610
510 738
510 746
510 810
510 925
511 514
511 559
511 631
511 839
511 983
512 657
512 814
512 875
512 878
513 575
513 588
513 591
513 615
513 634
513 799
513 866
513 961
514 641
514 748
514 749
514 878
515 607
515 631
515 641
515 755
515 925
515 979
516 763
516 893
517 773
517 786
517 860
517 946
517 959
517 976
518 628
518 659
518 682
518 782
518 786
518 828
518 877
519 572
519 594
519 824
519 916
519 986
520 689
520 795
520 882
520 894
520 908
520 952
521 523
521 655
521 705
521 937
522 634
522 772
522 801
522 884
522 923
523 678
523 750
523 916
523 939
523 998
524 534
524 987
525 557
525 593
525 716
525 738
525 972
526 713
526 830
526 874
527 767
527 809
527 890
527 939
528 577
528 807
528 811
528 950
528 958
529 549
529 603
529 830
529 872
530 619
530 705
530 845
530 859
530 889
531 624
531 690
531 808
531 817
531 842
531 886
531 895
531 903
532 718
532 838
532 864
532 991
533 561
533 563
533 565
533 638
533 650
533 843
533 888
533 943
533 970
534 541
534 852
535 564
536 872
536 880
536 901
536 938
537 589
537 604
537 715
537 750
538 596
538 607
538 902
539 621
539 762
539 844
539 922
539 999
540 608
540 673
540 843
540 882
541 750
541 932
542 628
542 637
542 794
542 838
542 933
543 569
543 735
543 890
543 917
543 919
544 615
544 633
544 640
544 656
544 744
544 778
544 809
544 876
544 900
545 640
545 745
546 591
546 706
546 711
546 902
547 584
547 621
547 758
547 889
547 899
548 570
548 744
548 877
549 686
549 699
549 876
549 890
549 1000
550 597
550 631
550 642
550 668
550 942
551 683
551 770
551 772
552 565
552 607
552 803
552 883
552 977
553 696
553 724
553 770
554 629
554 648
554 862
554 950
555 615
555 668
555 676
555 681
555 892
556 574
556 631
556 671
556 825
556 925
556 969
557 591
557 605
557 655
557 791
557 821
557 824
557 864
557 882
557 897
558 607
558 621
558 804
558 868
558 872
559 723
559 832
559 878
559 891
559 916
559 984
560 651
560 827
560 893
560 948
561 684
561 711
561 894
561 910
561 929
562 580
562 601
562 676
562 756
562 781
562 853
563 601
563 683
563 809
563 890
564 852
565 590
565 591
565 601
565 619
565 639
565 687
565 795
565 813
565 843
565 874
565 991
567 623
567 712
567 719
567 773
567 858
567 861
568 636
568 725
568 899
568 940
569 574
569 606
569 717
569 721
569 759
569 861
569 969
570 595
570 671
570 727
571 833
572 607
572 635
572 689
572 733
572 751
572 778
573 618
573 680
574 589
574 662
574 804
574 860
575 697
575 779
575 785
575 856
576 703
576 790
576 793
576 818
576 821
576 993
577 685
577 746
578 604
578 622
578 754
578 819
578 856
578 873
578 956
579 622
579 890
579 914
580 652
580 689
580 798
580 822
581 603
581 813
582 774
582 903
582 904
582 916
582 934
582 965
583 733
583 853
584 630
584 645
584 664
584 776
584 792
584 797
584 819
584 946
585 726
585 758
585 917
585 935
585 958
586 939
587 891
588 706
588 716
588 760
588 779
588 883
588 916
589 851
590 733
590 900
591 697
591 770
591 882
591 907
591 919
592 665
592 729
592 998
593 845
593 881
594 739
594 838
594 868
594 888
594 924
594 963
594 971
595 703
595 804
595 822
595 899
596 803
596 886
596 981
597 651
597 700
597 840
597 926
597 929
598 642
598 662
598 664
598 669
598 729
598 949
598 979
599 618
599 735
599 792
599 872
599 975
600 633
600 683
601 667
601 752
601 786
601 839
601 895
602 623
602 821
602 836
602 886
602 891
602 923
603 629
603 726
603 831
603 901
604 631
604 707
604 727
604 799
604 839
604 845
604 888
604 971
605 757
605 886
605 904
605 958
607 646
607 677
607 927
607 988
608 651
608 712
608 714
609 703
609 739
609 894
609 927
609 972
610 623
610 638
610 714
611 695
612 732
612 739
612 774
612 845
612 900
612 905
612 923
613 634
613 772
613 926
613 969
614 704
614 773
614 849
614 867
614 955
615 675
615 677
615 858
615 957
616 661
617 709
617 832
617 968
617 984
618 651
618 925
619 745
619 965
620 770
620 855
620 988
620 995
621 644
621 731
621 905
621 909
621 997
622 742
622 795
623 626
623 692
623 717
623 977
623 994
624 625
624 627
624 761
624 795
624 804
624 839
625 929
626 754
626 901
626 926
626 984
627 690
627 696
627 842
627 980
628 977
629 661
629 684
629 692
629 901
630 640
630 716
631 894
631 950
631 960
632 670
632 713
632 862
632 891
632 972
633 732
633 904
633 974
634 784
635 791
635 915
635 992
636 654
636 849
636 926
637 642
637 864
637 950
638 816
638 981
639 645
639 809
639 840
640 734
640 804
640 935
640 940
640 968
641 645
641 652
641 864
641 942
642 682
642 782
643 671
643 790
643 803
643 919
643 929
644 805
644 811
644 981
645 670
645 680
645 692
645 706
645 727
645 758
645 764
645 788
645 791
645 832
646 722
647 706
647 785
648 771
648 797
648 829
648 893
649 985
650 696
650 866
650 1000
651 660
651 664
651 713
651 738
651 853
651 955
651 982
652 654
652 794
652 840
653 761
653 836
653 856
653 938
654 657
654 718
654 745
654 904
654 917
654 923
654 940
655 751
655 994
657 985
658 809
659 807
660 689
662 816
662 927
663 682
663 748
663 861
663 970
664 720
664 823
664 858
664 912
664 942
665 684
665 806
665 808
665 819
665 903
665 914
666 734
666 777
666 860
666 986
667 791
667 800
667 805
668 705
668 827
668 882
668 947
668 985
669 735
669 774
669 816
669 928
669 954
669 984
670 894
671 719
672 676
672 681
672 747
673 708
673 806
673 915
674 681
675 741
675 781
675 890
675 980
676 712
676 837
676 904
677 887
677 930
677 948
678 877
679 812
679 877
679 909
680 775
680 780
680 857
680 977
681 706
681 750
681 764
681 865
681 891
681 900
681 920
681 989
682 748
682 898
682 905
682 908
683 758
683 892
684 802
684 804
685 824
685 953
686 884
686 939
687 772
687 957
689 705
689 750
689 864
689 868
689 928
690 721
690 791
691 783
691 875
691 894
692 771
692 786
693 741
693 760
693 878
694 698
694 802
695 874
695 892
696 845
696 968
697 863
697 926
697 927
697 972
698 754
698 786
698 983
699 810
699 820
699 885
699 906
700 854
700 885
700 956
701 746
701 763
701 905
701 959
702 828
702 928
702 932
703 749
703 790
704 814
704 967
704 977
705 720
705 806
705 952
705 963
706 955
708 739
708 743
708 812
708 968
709 781
709 960
709 997
710 742
710 849
710 927
710 965
710 998
711 852
712 716
712 784
712 837
712 865
712 909
712 973
713 736
713 742
713 906
713 943
713 956
714 875
714 979
714 986
715 819
715 842
715 961
715 962
716 770
717 973
718 834
718 969
719 944
719 960
720 777
720 974
721 799
721 850
721 950
722 764
722 765
722 876
722 988
723 813
723 823
723 885
724 774
724 948
725 753
725 762
725 776
725 779
725 809
725 877
725 882
725 972
725 980
726 813
726 969
727 748
729 747
729 934
729 976
730 780
730 871
730 897
730 918
730 942
730 986
731 737
731 869
731 948
731 982
732 763
732 823
732 960
733 803
733 812
733 821
733 841
733 911
733 923
733 988
734 761
734 878
734 901
734 968
735 938
735 965
735 973
736 740
736 829
736 972
737 745
737 755
737 827
738 789
738 806
739 999
740 782
740 895
740 905
740 947
741 859
741 971
741 999
742 833
743 783
743 853
743 984
744 763
745 786
745 800
745 832
745 961
746 759
746 802
746 858
746 871
746 893
746 951
747 788
748 753
749 815
749 888
749 955
750 819
750 921
751 887
751 908
751 963
751 999
752 792
752 800
753 870
753 898
754 939
755 878
757 787
758 790
758 815
759 828
759 890
759 911
759 923
760 769
760 982
761 931
762 849
762 929
763 919
763 944
763 957
764 881
764 953
764 955
765 819
765 929
766 770
767 845
767 860
770 774
770 845
770 847
770 947
771 814
771 816
771 822
771 926
771 989
772 795
773 867
774 885
775 852
775 906
776 782
776 790
776 801
776 811
779 835
779 887
779 950
779 976
780 884
780 903
780 981
780 992
781 799
781 961
782 801
782 817
782 859
782 968
783 883
783 993
784 837
784 910
784 946
785 840
785 941
785 978
785 982
786 839
787 979
787 993
788 971
789 864
789 956
790 890
790 912
790 935
790 986
791 847
792 939
793 810
793 914
794 959
795 919
795 952
795 994
797 803
797 924
797 963
798 895
799 836
799 934
799 938
800 832
800 923
801 940
801 967
802 860
802 975
803 898
803 957
803 969
804 897
804 937
805 817
805 949
805 976
806 973
810 847
810 910
810 921
811 829
811 830
811 924
812 829
812 856
812 858
813 983
814 819
814 902
814 934
815 967
816 931
816 959
817 868
817 964
818 939
819 822
819 881
820 857
821 885
821 918
821 985
822 848
822 884
822 913
822 921
823 928
823 945
823 986
825 856
826 893
826 923
830 841
830 846
830 855
830 869
830 917
830 973
830 988
831 862
831 873
831 927
831 978
832 977
833 887
833 902
834 845
834 914
835 853
835 867
835 941
835 980
836 837
836 861
836 894
836 905
836 933
836 1000
839 920
839 962
839 972
841 908
841 931
841 977
841 996
841 1000
842 894
842 927
843 863
843 882
843 991
845 967
847 879
847 971
848 974
850 944
850 967
851 887
851 904
852 965
853 862
853 879
854 872
854 916
856 901
857 879
857 954
857 992
858 859
858 902
858 909
859 861
859 987
859 999
860 920
864 865
864 945
864 961
864 964
865 911
865 979
866 906
867 881
868 986
869 968
873 893
873 915
873 964
874 881
875 938
875 988
876 900
876 930
876 934
877 930
877 970
878 897
878 992
881 993
882 949
883 920
883 969
884 923
884 950
884 952
884 974
885 940
887 941
888 890
888 931
888 966
889 922
891 898
893 939
894 905
894 908
896 952
896 974
897 918
898 910
898 937
898 938
898 940
899 937
899 973
900 905
900 927
901 957
902 937
902 950
903 943
903 985
904 957
906 918
906 945
906 998
907 925
908 961
908 982
909 919
909 962
910 1000
912 922
912 923
912 966
913 925
913 948
913 965
917 988
921 925
921 976
921 989
923 964
923 969
924 929
926 963
926 989
927 931
928 995
930 936
932 991
933 936
936 951
936 987
937 951
937 976
939 961
939 1000
940 943
942 945
947 969
948 960
948 974
952 960
952 997
953 961
954 997
957 974
958 964
958 983
958 994
963 985
975 997
980 993
981 990
