1 67
1 80
1 467
1 468
1 570
1 735
1 844
2 95
2 105
2 326
2 512
2 544
2 719
2 787
2 791
2 846
3 209
3 246
3 423
3 432
3 516
3 548
3 719
3 963
4 179
4 538
4 596
4 601
4 748
5 24
5 59
5 188
5 201
5 287
5 321
5 492
5 541
5 585
5 595
5 673
5 715
5 804
6 13
6 19
6 238
6 355
6 364
6 446
6 450
6 586
6 888
7 80
7 399
7 425
7 548
7 602
7 643
7 843
8 222
8 283
8 317
8 373
8 466
8 539
8 565
8 644
8 809
8 895
9 65
9 88
9 207
9 327
9 364
9 415
9 717
9 816
9 873
10 279
10 437
10 568
10 689
10 803
10 830
11 360
11 466
11 641
11 840
11 885
11 970
12 448
12 519
12 555
13 600
13 644
13 751
14 486
14 528
14 697
15 161
15 324
15 464
15 466
15 782
15 876
15 933
15 972
15 974
16 73
16 309
16 377
16 639
16 670
16 682
16 985
17 467
17 815
17 832
17 954
18 194
18 270
18 356
18 401
18 627
18 995
19 72
19 179
19 196
19 260
19 482
19 736
19 749
20 83
20 281
20 418
20 498
20 514
20 625
20 724
20 739
20 830
20 916
21 211
21 399
21 559
21 584
21 969
22 363
22 428
22 757
22 777
23 152
23 238
23 357
23 384
23 396
23 410
23 424
23 445
23 584
23 594
23 601
23 922
23 939
24 83
24 172
24 417
24 592
24 605
24 730
24 888
25 101
25 132
25 280
25 383
25 639
25 751
25 779
25 799
25 842
25 969
26 58
26 64
26 122
26 320
26 350
26 356
26 378
26 416
26 423
26 448
26 604
26 989
27 138
27 214
27 561
27 644
27 675
27 997
28 283
28 322
28 511
28 544
28 792
28 972
29 77
29 191
29 354
29 429
29 472
29 664
29 795
29 862
29 867
29 900
29 930
30 107
30 321
30 446
30 465
30 478
30 678
30 692
30 841
30 909
31 182
31 623
31 627
31 776
31 841
31 926
31 970
32 119
32 254
32 303
32 449
32 610
32 688
32 773
33 59
33 99
33 231
33 321
33 482
33 635
33 720
33 774
33 791
33 925
33 969
33 975
33 978
34 312
34 547
34 762
34 793
34 795
34 875
34 889
35 78
35 311
35 462
35 927
35 944
35 948
35 962
35 967
36 129
36 193
36 221
36 249
36 676
36 762
36 798
36 991
37 96
37 128
37 185
37 296
37 402
37 587
37 659
37 715
37 859
37 951
38 171
38 853
39 88
39 140
39 199
39 532
39 558
39 560
39 797
39 949
40 121
40 127
40 548
40 793
40 816
40 942
40 979
41 139
41 158
41 179
41 192
41 311
41 390
41 450
41 552
41 735
41 799
41 836
41 838
42 137
42 234
42 326
42 477
42 544
42 584
42 684
42 930
42 946
43 242
43 345
43 517
43 968
44 179
44 338
44 388
44 568
44 671
44 710
44 847
44 946
44 964
45 90
45 194
45 356
45 468
45 661
46 74
46 340
46 460
46 790
46 964
47 202
47 305
47 446
47 660
47 723
47 751
47 838
47 948
48 153
48 493
48 643
48 661
48 716
48 851
48 927
48 969
49 125
49 144
49 146
49 285
49 416
49 420
49 440
49 515
49 666
49 694
49 980
50 331
50 560
50 566
50 567
50 733
50 922
50 958
51 360
51 471
51 490
51 513
51 564
51 592
51 657
51 668
51 705
51 760
51 800
52 245
52 495
52 659
53 96
53 371
53 796
54 91
54 188
54 201
54 315
54 669
54 674
54 854
55 86
55 768
56 383
56 525
57 368
57 372
57 410
57 419
57 444
57 512
57 732
57 943
58 107
58 411
58 506
58 509
58 706
58 759
58 762
59 127
59 211
59 334
59 346
59 680
60 275
60 313
60 364
60 480
60 509
60 676
61 98
61 113
61 118
61 609
61 830
61 918
62 157
62 164
62 451
62 477
62 867
62 915
62 1000
63 69
63 241
63 255
63 273
63 279
63 307
63 331
63 500
63 512
63 606
63 758
63 880
63 969
64 196
64 276
64 317
64 699
64 782
64 837
64 870
64 881
65 125
65 635
65 868
65 901
65 974
66 118
66 127
66 146
66 176
66 492
66 506
66 675
66 856
67 138
67 428
67 747
68 510
68 791
68 895
68 903
69 343
69 474
69 484
69 514
69 528
69 563
69 577
69 748
69 784
69 910
70 139
70 140
70 569
70 652
70 685
70 931
70 952
71 77
71 371
71 395
71 556
71 626
71 640
71 833
71 843
72 75
72 326
72 393
72 562
72 619
72 763
73 242
73 312
73 370
73 374
73 811
73 877
74 239
74 444
74 509
74 604
74 622
74 662
74 745
74 833
74 848
74 980
75 98
75 138
75 760
75 964
76 390
76 470
76 608
76 634
76 825
77 214
77 311
77 332
77 440
77 552
77 811
77 869
78 133
78 232
78 235
78 252
78 325
78 348
78 387
78 730
79 101
80 325
80 940
81 367
81 782
81 981
81 992
82 252
82 546
82 551
82 730
82 815
83 131
83 292
83 412
83 506
83 541
83 640
83 830
83 953
83 962
84 145
84 149
84 211
84 464
84 497
84 525
84 529
84 854
84 926
85 109
85 174
85 224
85 280
85 281
85 358
85 379
85 525
85 555
85 804
85 986
85 992
86 105
86 108
86 390
86 454
86 477
86 502
86 966
87 165
87 401
87 681
87 802
87 915
87 921
88 230
88 395
88 403
88 437
88 554
88 572
88 625
88 693
88 697
88 815
88 876
88 891
88 914
88 968
89 345
89 346
89 514
89 517
89 536
89 603
89 611
89 613
89 649
89 772
89 820
90 603
90 680
90 683
90 771
90 818
91 102
91 330
91 402
91 408
91 512
91 555
91 567
91 596
92 130
92 171
92 278
92 388
92 416
92 545
92 719
92 906
93 168
93 240
93 414
93 426
93 544
93 564
93 802
93 936
93 944
93 952
93 987
94 96
94 203
94 236
94 244
94 333
94 592
94 907
94 951
95 216
95 531
95 548
95 729
95 862
95 996
96 130
96 451
96 521
96 754
96 796
96 838
96 916
97 159
97 446
97 488
97 783
97 942
98 123
98 132
98 183
98 646
98 798
98 931
98 934
98 974
98 976
99 172
99 180
99 283
99 303
99 427
99 428
99 457
99 552
99 664
99 880
99 999
100 606
100 846
100 864
101 233
101 441
101 633
101 695
101 767
101 805
101 869
102 149
102 656
102 701
102 938
102 956
103 192
103 319
103 363
103 464
103 527
103 561
103 563
103 635
103 745
103 823
103 887
103 926
104 240
104 312
104 357
104 390
104 422
104 520
104 776
104 854
105 206
105 668
105 737
105 812
106 159
106 322
106 616
106 716
106 731
106 781
106 834
106 987
107 426
107 437
107 673
107 747
107 895
107 966
108 143
108 189
108 258
108 710
108 757
108 790
108 813
109 194
109 387
109 660
109 889
110 371
110 573
110 581
110 603
110 636
110 669
110 781
110 858
110 873
110 899
110 907
111 644
111 681
111 878
112 155
112 157
112 252
112 349
112 490
112 506
112 565
112 865
112 875
112 879
112 881
113 334
113 505
113 550
113 982
113 994
114 248
114 289
114 358
114 384
114 624
114 695
114 897
115 239
115 661
115 663
115 774
115 894
116 343
116 514
116 570
116 658
116 786
117 145
117 453
117 475
117 954
117 995
118 360
118 420
118 843
119 133
119 149
119 676
119 737
119 822
120 234
120 294
120 308
120 368
120 575
120 739
120 765
120 829
120 868
121 231
121 247
121 701
121 854
121 890
121 952
122 398
122 407
122 451
122 542
122 773
122 965
122 1000
123 136
123 189
123 212
123 261
123 292
123 337
123 550
123 656
123 838
123 987
124 165
124 453
124 652
124 835
124 960
124 993
125 152
125 287
125 498
125 583
125 590
125 834
125 869
125 870
125 975
126 162
126 349
126 391
126 398
126 423
126 489
126 619
126 743
126 888
126 962
126 964
126 965
127 192
127 507
127 515
127 601
127 711
127 726
128 210
128 407
128 446
128 595
128 620
128 657
128 672
128 696
128 768
128 810
129 200
129 686
129 779
129 988
130 344
130 641
130 707
130 849
130 853
131 387
131 541
131 971
132 203
132 332
132 342
132 439
133 227
133 275
133 310
133 363
133 513
133 519
133 949
133 975
134 184
134 341
134 398
134 600
134 644
134 925
135 423
135 676
135 854
135 876
135 885
136 174
136 417
136 542
136 666
136 838
136 849
136 922
137 170
137 191
137 372
137 513
137 517
137 535
137 577
137 751
138 229
138 699
138 754
138 905
139 228
139 232
139 267
139 361
139 404
139 598
139 900
139 995
140 217
140 698
140 717
140 762
141 227
141 371
141 577
141 707
141 781
141 884
142 216
142 257
142 752
142 972
143 265
143 277
143 382
143 685
143 893
143 938
144 725
144 809
144 943
145 186
145 265
145 290
145 430
145 455
145 503
145 513
145 547
145 780
146 249
146 447
146 651
146 764
146 804
146 836
147 255
147 294
147 312
147 438
147 446
147 877
147 878
148 260
148 337
148 466
148 569
148 763
148 918
148 925
148 952
149 400
149 416
149 508
149 516
149 572
149 730
149 933
150 341
150 390
150 513
150 525
150 535
150 777
150 993
151 180
151 189
151 300
151 317
151 382
151 466
151 608
151 661
151 664
151 694
151 790
151 978
152 810
152 853
152 887
152 897
152 906
152 911
152 991
153 221
153 368
153 456
153 535
153 577
153 676
154 290
154 331
154 531
154 614
154 740
154 981
155 458
155 504
155 957
155 999
156 253
156 306
156 336
156 452
156 480
156 853
157 232
157 257
157 384
157 546
157 727
157 742
157 970
157 979
158 358
158 406
158 502
158 897
158 992
159 727
159 865
160 176
160 300
160 376
160 425
160 461
160 632
160 691
160 722
160 932
160 942
160 969
160 999
161 195
161 390
161 392
161 447
161 774
161 822
161 851
161 911
161 985
162 174
162 249
162 901
162 983
163 303
163 521
163 959
163 968
164 248
164 360
164 517
164 547
164 959
165 179
165 203
165 482
165 526
165 804
165 964
166 269
166 427
166 514
166 548
166 673
166 799
166 818
166 842
167 174
167 227
167 429
167 597
167 646
167 844
167 953
168 485
168 559
168 886
169 178
169 210
169 682
169 958
170 365
170 830
171 451
171 463
172 568
172 764
172 872
173 335
173 338
173 341
173 360
173 442
173 446
173 597
173 779
174 177
174 213
174 604
174 729
174 910
175 231
175 254
175 792
175 844
175 928
175 934
176 281
176 371
176 482
176 618
176 875
177 335
177 491
177 561
177 641
177 776
177 860
177 977
177 992
178 477
178 543
178 632
178 723
178 773
178 797
178 799
178 897
179 439
179 645
179 883
179 938
180 326
180 385
180 389
180 478
180 501
180 510
180 650
180 674
181 698
181 714
181 774
181 970
182 193
182 539
182 836
182 875
182 969
183 463
183 501
183 616
183 640
183 822
183 837
183 916
183 999
184 327
184 437
184 451
184 710
185 261
185 394
185 667
185 668
185 778
185 909
186 207
186 458
186 512
186 627
186 954
187 242
187 390
187 531
187 622
187 695
187 723
187 732
187 812
187 971
188 353
188 678
188 718
188 771
189 193
189 197
189 434
189 631
189 639
189 856
189 861
189 863
189 866
189 913
189 938
190 203
190 590
190 827
190 888
190 927
190 937
190 941
191 246
191 606
191 650
191 731
191 755
192 286
192 304
192 423
192 467
192 558
192 606
192 697
192 834
192 911
193 249
193 264
193 366
193 564
193 606
193 885
193 907
194 276
194 329
194 455
194 589
194 681
194 842
195 260
195 357
195 511
195 648
195 668
195 679
195 703
195 713
195 757
195 817
195 865
195 984
195 988
196 385
196 506
196 513
196 583
196 603
196 627
196 929
197 383
197 527
197 667
197 835
198 251
198 316
198 396
198 436
198 630
198 668
198 758
199 548
199 655
199 737
199 879
199 892
199 911
200 479
200 604
200 798
200 980
201 268
201 388
201 482
201 576
201 691
201 824
201 904
201 955
201 1000
202 286
203 303
203 361
203 420
203 606
203 785
203 879
204 215
204 485
204 536
205 351
205 424
205 481
205 490
205 517
205 518
205 590
205 716
205 730
205 971
206 686
206 921
206 962
207 280
207 316
207 399
207 426
207 439
207 482
207 547
207 704
207 712
207 792
207 799
208 229
208 250
208 265
208 386
208 545
208 602
208 605
208 679
208 683
208 753
208 818
208 821
209 333
209 557
209 816
209 920
210 390
210 627
210 849
210 990
211 229
211 290
211 307
211 349
211 463
211 607
211 851
211 890
211 971
212 424
212 491
212 592
212 654
212 698
212 749
212 905
213 559
213 996
214 278
214 316
214 680
214 725
214 831
214 899
215 347
215 412
215 906
216 356
216 439
216 525
216 531
216 776
216 835
217 345
217 382
217 548
217 687
217 871
218 254
218 273
218 704
218 754
218 809
218 973
219 477
219 506
219 517
219 533
219 783
219 788
219 854
219 934
220 293
220 378
220 396
220 724
220 797
220 812
220 832
221 343
221 352
221 456
221 483
221 533
221 717
221 801
221 809
222 322
222 405
222 527
222 567
222 840
222 878
222 966
223 508
223 629
223 704
223 794
223 962
224 268
224 292
224 401
224 471
224 474
224 498
224 574
224 669
224 757
224 808
224 811
224 828
224 858
224 988
225 358
225 361
225 427
225 466
225 470
225 545
225 673
225 790
225 908
226 452
226 645
226 675
226 784
227 391
227 396
227 428
227 498
227 568
227 718
227 739
227 814
227 923
228 240
228 290
228 502
228 575
228 734
228 844
228 902
228 932
228 984
229 238
229 308
229 416
229 493
229 565
230 262
230 367
230 385
230 452
230 516
230 990
231 359
231 514
231 796
232 241
232 476
232 493
232 631
232 676
232 850
232 872
232 920
232 934
233 374
233 408
233 432
233 436
233 668
233 715
233 738
234 337
234 379
234 433
234 542
234 618
234 647
234 717
234 957
235 281
235 328
235 387
235 460
235 599
235 682
235 708
235 830
236 527
236 558
236 690
236 840
236 931
236 959
237 253
237 405
237 463
237 634
237 765
237 840
237 892
237 903
238 288
238 297
238 334
238 417
238 454
238 699
238 739
238 878
238 884
238 999
239 719
240 309
240 410
240 455
240 657
240 772
240 895
240 943
240 975
241 306
241 328
241 333
241 408
241 466
241 828
242 841
242 918
242 979
243 269
243 289
243 492
243 649
243 650
243 915
244 296
244 510
244 721
245 634
245 655
245 671
245 779
247 269
247 524
247 588
247 665
247 726
248 474
249 273
249 295
249 366
249 554
249 863
250 476
250 557
250 722
250 762
250 932
250 934
251 388
251 439
251 471
251 604
251 619
251 760
251 813
251 887
252 439
252 482
252 620
253 820
254 263
254 373
254 416
254 756
254 785
254 830
255 403
255 440
255 531
255 577
255 738
255 940
256 457
256 489
256 530
256 532
256 561
256 671
256 917
257 382
257 491
257 712
257 714
257 749
257 792
257 819
258 326
258 354
258 406
258 483
258 509
258 755
258 779
258 968
259 517
259 643
259 856
259 873
259 889
259 931
260 323
260 616
260 853
260 946
261 473
261 742
261 794
261 963
261 991
262 349
262 407
262 433
262 443
262 518
262 534
262 615
262 754
262 953
262 977
262 1000
263 348
263 433
263 714
263 832
264 283
264 581
264 724
264 908
265 334
265 394
265 472
265 695
265 697
265 703
265 752
265 891
266 513
266 544
266 604
266 645
266 751
267 277
267 565
267 909
267 918
268 320
268 703
269 417
269 556
269 756
269 968
270 287
270 692
270 712
270 741
270 745
270 842
271 503
272 436
272 596
272 667
272 856
272 956
273 423
273 436
273 449
273 479
273 822
273 901
273 973
274 352
274 391
274 488
274 960
275 342
275 444
275 523
275 535
275 556
275 660
275 758
275 882
275 950
276 323
276 375
276 608
276 771
276 790
276 806
276 816
276 848
276 946
276 970
277 648
277 659
277 669
277 737
278 352
278 385
278 435
278 623
278 675
278 709
278 719
278 986
279 440
279 546
279 554
279 565
279 596
279 610
280 324
280 371
280 429
280 576
280 789
280 853
281 298
281 342
281 422
281 477
281 658
281 750
282 287
282 308
282 342
282 485
282 883
283 355
283 599
283 694
283 704
283 722
283 941
284 286
284 449
284 745
284 778
284 938
284 972
285 404
285 408
285 745
285 792
286 328
286 454
286 489
286 585
286 712
286 899
287 362
287 654
287 718
287 858
287 930
288 503
288 533
288 580
288 778
288 816
288 845
288 875
288 955
289 667
289 748
290 416
290 448
290 515
290 604
290 893
290 913
291 411
291 435
291 526
291 596
291 600
292 481
292 768
292 824
293 437
293 546
293 711
293 740
293 754
293 869
294 317
294 508
294 749
294 904
294 992
295 319
295 389
295 468
295 630
295 748
295 762
296 455
296 555
296 754
296 804
297 456
297 461
297 644
297 864
298 332
298 340
298 377
298 684
298 952
299 330
299 484
299 525
299 654
299 806
299 816
299 887
300 418
300 438
300 480
300 517
300 741
300 826
300 842
300 959
301 373
301 515
301 564
301 639
301 644
301 662
301 712
302 347
302 522
302 597
302 601
302 768
302 966
302 977
303 315
303 489
303 700
303 719
303 854
303 888
304 447
304 461
304 750
304 839
304 886
305 516
305 665
305 751
306 456
306 985
306 991
306 999
307 381
307 419
307 453
307 779
307 820
307 841
307 998
308 311
308 330
308 359
308 395
308 397
308 400
308 485
308 594
308 610
308 623
308 876
308 972
309 406
309 444
309 478
309 609
309 995
310 404
310 434
310 447
310 579
310 590
311 325
311 583
311 686
311 720
311 740
311 813
311 921
312 324
312 435
312 543
312 725
312 940
313 441
313 501
313 721
313 809
314 315
314 491
314 525
314 655
314 966
315 483
315 580
315 612
315 773
316 461
316 557
316 607
316 724
316 741
316 899
317 369
317 627
317 642
317 845
318 507
318 523
318 742
319 436
319 565
319 782
319 892
320 407
320 455
320 488
320 978
321 339
321 635
321 717
321 775
321 846
321 973
322 346
322 367
322 625
322 677
322 709
322 716
322 787
322 945
323 733
324 415
324 506
324 675
324 680
324 833
324 894
325 374
325 401
325 499
325 535
325 549
325 577
325 718
325 720
325 817
325 898
326 485
326 496
326 542
326 779
326 818
326 846
326 964
327 386
327 473
327 612
327 639
327 650
327 895
328 538
328 652
328 833
328 895
328 938
329 530
329 789
330 427
330 500
330 622
330 670
330 936
330 948
331 391
331 427
331 508
331 583
331 873
331 992
333 336
333 356
333 393
333 650
333 746
334 351
334 615
334 628
334 902
335 431
335 467
335 494
335 542
335 583
335 723
335 836
335 960
336 347
336 777
337 513
337 673
337 682
337 882
337 903
338 467
338 579
338 764
338 813
339 431
339 689
339 700
339 869
339 877
339 973
340 567
340 891
341 650
342 378
342 469
342 863
342 979
343 603
343 969
344 388
344 417
344 643
344 850
344 963
344 990
345 396
345 476
345 518
345 970
346 910
346 914
347 750
347 801
348 427
348 439
348 646
348 719
348 853
348 908
348 973
349 632
349 671
349 702
349 742
349 974
349 991
350 460
350 861
351 652
351 661
351 835
351 967
352 526
352 562
352 605
352 640
352 702
352 984
353 367
353 465
353 675
353 784
353 929
354 424
354 589
354 716
354 836
354 976
355 399
355 553
355 579
355 876
356 499
356 856
356 874
356 917
356 924
356 982
357 358
357 404
357 423
357 498
357 509
357 802
357 823
358 441
358 551
358 793
358 835
358 904
359 408
359 565
359 752
359 753
360 443
360 494
360 499
360 779
360 857
361 745
361 942
362 457
362 468
362 548
362 565
362 675
363 421
363 479
363 614
363 847
363 885
363 892
363 960
364 554
364 684
364 826
364 952
364 959
364 968
365 485
365 522
365 592
365 704
365 823
366 592
366 601
366 970
366 997
367 452
367 514
367 649
367 681
367 867
367 981
368 651
368 910
369 457
369 832
369 974
370 562
370 691
370 733
371 850
371 920
371 951
371 960
372 397
372 484
372 533
372 592
372 679
372 881
372 996
373 555
373 634
373 639
373 671
373 816
373 923
374 689
374 764
375 566
375 569
375 708
375 754
375 854
375 913
376 401
376 690
376 696
376 712
376 745
376 847
376 854
376 893
376 894
377 724
377 784
377 791
377 953
378 599
378 780
378 942
379 726
379 729
379 824
380 474
380 498
380 662
380 711
381 447
381 609
381 720
381 866
381 887
381 972
382 470
382 705
382 839
382 858
383 622
383 661
384 871
384 878
385 455
385 617
385 757
385 804
385 817
385 866
386 562
386 956
387 516
387 646
387 858
387 960
387 979
388 748
388 757
388 864
388 871
388 944
389 500
389 520
389 633
389 690
389 839
389 890
390 569
390 596
390 624
390 796
391 541
391 693
391 728
391 780
391 996
393 430
393 734
393 752
394 536
394 629
395 405
395 905
395 919
396 423
396 466
396 477
396 586
396 689
396 713
397 427
397 709
397 769
397 773
397 934
398 438
398 482
398 554
398 555
399 416
399 494
399 565
399 616
399 652
399 676
399 789
399 915
399 981
399 989
400 493
400 591
400 646
401 405
401 529
401 553
401 685
401 730
401 832
401 876
401 950
402 797
402 805
402 935
403 464
403 697
403 721
403 792
404 558
404 634
404 667
405 671
405 700
405 893
405 920
406 441
406 880
406 947
407 814
408 508
408 567
408 609
408 611
408 775
408 786
408 800
408 834
408 944
408 964
409 549
409 596
409 662
410 588
410 591
410 631
410 675
410 787
410 854
410 927
410 936
411 866
411 890
412 415
412 545
412 603
412 639
412 717
412 765
412 857
412 997
413 477
413 507
413 693
413 708
414 542
414 627
415 444
415 529
415 616
415 875
415 907
415 1000
416 828
416 985
417 541
417 568
417 583
417 659
417 773
417 905
417 973
418 568
418 843
418 861
419 615
419 723
419 879
419 915
419 950
420 879
420 943
421 546
421 637
421 742
422 561
422 631
422 632
422 658
422 735
422 774
422 814
422 929
423 488
423 584
423 610
423 694
423 760
423 822
423 888
423 988
424 487
424 642
424 711
424 804
424 919
424 940
425 456
425 546
425 593
425 596
425 616
425 907
425 929
425 937
425 955
426 559
426 579
426 591
426 650
427 510
427 611
427 662
427 682
427 718
427 875
428 463
428 490
428 516
428 571
429 452
429 470
429 549
429 612
429 698
430 476
430 522
430 615
430 632
430 655
430 673
430 743
430 913
431 433
431 707
431 731
431 958
432 474
432 831
433 444
433 525
433 625
433 945
433 954
434 655
434 929
434 991
435 630
435 677
435 865
435 922
436 449
436 661
436 740
436 959
437 510
437 522
437 683
437 942
438 468
438 497
438 541
438 745
438 796
438 893
439 462
439 744
440 482
440 522
440 719
440 976
441 570
442 467
442 527
442 641
442 741
442 913
442 945
442 957
443 501
443 563
443 621
443 720
444 464
444 557
444 760
444 881
444 964
445 463
445 622
445 708
445 791
445 793
445 829
446 463
446 483
446 673
446 850
446 930
447 603
447 694
447 744
447 990
448 537
448 562
448 565
448 743
448 911
449 936
449 962
450 816
451 494
451 607
451 831
451 951
452 539
452 762
452 878
452 943
453 516
453 661
454 608
454 854
454 909
455 676
455 702
455 882
456 721
457 551
457 670
457 795
457 829
458 464
458 493
458 649
458 707
458 826
458 889
458 913
458 971
459 549
459 730
459 750
459 800
460 561
460 654
460 816
460 868
460 893
461 747
461 768
461 792
461 850
461 853
462 608
462 965
462 983
462 985
463 679
463 733
463 804
464 561
464 611
464 725
464 951
464 995
465 469
465 584
465 705
465 720
466 603
466 745
466 776
466 892
467 491
467 501
467 584
467 726
468 561
468 775
468 967
469 548
469 585
469 595
469 843
470 649
470 776
471 599
471 637
471 713
471 754
472 542
472 571
472 587
472 672
472 967
473 559
474 552
474 577
474 608
474 626
474 821
474 893
475 710
475 788
475 794
476 490
476 545
476 602
476 701
476 760
476 778
476 796
477 521
477 609
477 620
477 680
477 827
478 503
478 720
478 920
479 518
479 534
479 577
479 592
479 703
479 851
479 903
479 962
479 981
480 532
480 746
480 969
481 606
481 652
481 730
481 752
481 810
482 487
482 534
482 783
483 487
483 504
483 583
483 761
483 826
484 600
484 630
484 684
484 712
484 720
484 793
484 848
484 860
484 975
485 608
485 610
485 725
485 865
485 890
485 900
485 905
485 929
486 512
486 687
486 836
486 913
487 643
487 702
487 787
487 965
487 984
487 992
488 549
488 615
488 634
488 815
488 899
489 524
489 541
489 724
490 660
490 697
490 764
490 875
490 981
491 784
491 1000
492 839
493 537
493 912
493 932
494 566
494 650
494 732
494 765
495 636
495 698
495 773
495 778
496 503
496 570
496 731
496 736
496 826
496 916
497 634
497 663
497 784
497 815
497 867
498 628
498 704
498 721
498 767
498 776
498 854
498 879
498 914
498 953
498 977
499 519
499 579
499 689
499 733
500 510
500 669
500 732
501 583
501 595
502 546
502 692
502 787
503 695
503 737
503 788
503 894
504 591
504 627
504 780
505 517
505 549
505 562
505 599
505 657
505 674
505 709
506 793
507 873
507 921
508 518
508 686
508 755
508 765
508 866
508 869
509 606
509 715
509 726
509 755
509 831
509 947
510 703
510 876
510 909
511 721
511 784
511 874
511 918
512 611
512 998
513 538
513 565
513 666
513 809
513 856
514 607
514 697
515 824
515 1000
516 811
517 727
518 593
518 668
518 677
518 815
518 851
519 672
519 692
519 847
519 965
521 776
521 901
521 949
521 953
522 565
522 925
523 828
524 694
524 856
524 992
525 858
526 567
526 594
526 791
526 817
527 540
527 571
527 604
527 710
528 587
528 715
528 899
529 858
530 549
530 624
530 631
531 746
531 788
531 823
531 959
532 703
532 784
533 673
533 834
533 856
533 894
534 640
534 968
535 708
535 836
535 877
535 955
536 554
536 583
536 589
536 643
537 606
537 754
537 789
537 884
538 620
539 546
539 709
539 719
539 839
539 859
539 928
540 732
540 738
540 830
540 920
541 693
541 820
541 975
542 680
542 897
542 959
543 626
543 862
543 1000
545 614
545 644
545 669
545 691
545 911
545 997
546 613
546 648
546 837
546 912
547 674
547 701
547 933
548 565
548 572
548 619
548 771
548 815
548 840
548 877
548 902
548 924
548 984
549 564
549 700
549 761
549 890
550 744
550 883
550 893
550 987
551 622
551 800
551 934
552 686
552 957
553 621
553 651
553 793
553 923
554 573
554 819
554 914
555 763
556 560
556 657
556 806
556 912
556 1000
557 689
557 874
558 588
558 614
558 732
560 611
560 669
561 602
561 609
561 718
561 726
561 769
561 835
562 579
562 839
562 963
563 709
563 923
563 971
564 674
564 772
564 917
565 854
566 610
566 773
566 822
566 888
566 976
567 732
567 735
567 778
567 929
568 633
568 680
568 745
568 978
569 586
569 658
569 696
569 825
569 832
569 875
570 653
570 723
571 656
571 818
571 869
571 870
572 632
572 867
573 607
573 658
573 684
573 920
573 946
574 578
574 731
574 905
574 954
575 635
575 666
576 615
576 665
576 874
576 882
577 987
578 785
578 887
578 972
579 765
579 921
580 773
580 839
580 929
581 596
581 630
581 661
582 610
582 887
583 610
583 731
583 949
584 687
584 701
584 828
584 884
585 691
585 719
585 975
586 631
586 636
586 691
586 693
586 887
587 589
587 605
587 759
588 955
588 959
590 604
590 947
591 635
591 774
591 817
591 829
591 880
592 606
592 677
592 768
592 926
593 600
593 755
593 825
593 831
594 682
594 761
595 932
595 941
595 967
596 898
596 919
597 754
597 895
598 629
598 726
598 893
598 917
598 940
598 957
599 674
599 735
599 824
599 826
599 829
600 720
600 805
600 861
600 876
600 881
600 941
602 619
603 790
604 665
604 760
605 658
605 688
605 894
606 762
606 859
606 922
606 984
606 992
607 903
607 937
607 970
607 999
609 760
609 830
609 839
609 908
609 989
610 640
610 855
610 915
610 951
611 740
611 783
611 827
611 865
611 887
612 696
612 848
612 939
612 952
612 962
612 986
613 681
613 833
614 668
614 672
614 858
614 995
615 688
615 856
615 876
615 937
616 699
616 779
616 783
616 929
616 944
617 686
617 989
618 666
618 816
618 841
618 863
619 681
620 943
621 800
621 814
622 628
622 641
622 649
622 691
622 876
622 900
622 902
623 828
623 844
624 671
624 757
625 662
625 796
625 800
625 921
625 931
627 660
627 811
628 629
628 926
629 718
629 849
630 882
631 863
631 865
631 882
631 999
632 841
633 698
633 722
633 755
633 850
633 993
634 879
636 951
637 698
637 771
637 874
638 696
638 810
638 812
638 950
638 976
639 681
639 765
640 770
640 820
640 872
640 925
641 684
641 702
641 752
642 886
643 740
643 848
643 873
644 656
644 668
644 871
645 686
645 830
645 993
646 680
646 740
646 822
647 684
647 861
647 927
648 691
648 705
648 726
648 785
648 894
648 993
649 652
649 664
649 743
649 829
649 891
649 983
650 782
651 722
652 873
654 693
654 709
654 747
655 805
655 958
656 785
656 977
657 741
657 761
657 805
657 948
658 886
659 667
659 752
659 815
659 865
660 688
660 801
660 976
662 840
663 697
663 717
663 924
663 1000
664 689
664 743
664 750
664 818
664 921
665 825
666 757
666 799
667 683
667 750
668 955
669 831
669 840
669 955
671 877
672 765
672 908
673 796
674 799
674 820
674 828
674 893
674 905
674 972
674 996
675 967
676 714
676 743
676 975
677 844
677 892
678 733
678 917
679 717
680 851
680 872
680 904
681 974
682 813
682 823
682 945
683 991
684 844
684 895
685 896
686 894
686 946
686 958
687 715
688 939
689 799
689 849
689 907
690 789
690 797
690 984
691 864
691 982
692 714
692 753
692 844
692 855
692 994
693 700
693 715
693 854
693 986
694 944
695 709
695 718
695 746
695 949
695 999
696 753
696 936
697 786
697 833
698 817
698 828
698 878
699 782
699 890
699 927
700 774
700 849
701 722
701 757
701 808
702 723
702 821
703 761
703 975
703 993
704 753
704 794
705 721
705 813
705 833
705 866
705 987
706 771
706 827
707 713
707 730
707 807
708 902
708 945
709 832
709 843
709 969
710 939
710 944
711 723
711 915
712 728
712 871
713 887
713 910
713 916
713 949
714 759
714 798
714 991
715 778
715 815
716 787
716 799
716 811
716 906
717 739
717 892
718 802
718 950
719 771
720 941
720 999
721 784
721 857
721 881
722 923
723 836
724 791
724 902
725 760
725 837
725 885
725 896
727 759
727 894
727 923
727 994
728 885
729 944
729 972
729 973
730 952
731 783
731 986
732 957
733 798
733 817
733 997
734 746
734 819
734 968
735 760
737 918
738 746
738 770
738 847
738 899
738 978
739 832
739 962
740 872
741 792
741 798
742 781
742 786
742 828
743 821
743 849
743 896
743 908
744 753
744 796
744 828
744 863
744 878
744 893
744 904
747 758
747 777
747 939
747 945
748 762
748 945
749 754
750 871
751 763
751 776
751 842
751 911
752 785
752 824
754 861
755 967
756 946
757 904
757 958
758 792
759 766
759 809
759 868
760 769
761 995
762 776
762 824
763 911
765 780
765 930
766 768
766 828
766 983
767 953
768 856
769 896
772 784
773 818
775 803
775 819
775 977
776 809
776 949
777 941
778 833
779 781
780 845
780 919
781 872
782 801
782 853
782 904
782 930
782 954
782 990
782 993
784 808
786 810
786 911
788 820
789 861
789 912
790 890
791 809
791 836
791 897
791 926
792 801
793 863
794 871
794 882
794 920
796 877
797 877
798 810
798 859
798 867
798 913
799 845
799 874
799 997
800 977
804 813
804 932
805 937
807 924
808 995
809 896
809 955
814 930
815 886
821 905
823 894
823 907
824 964
825 975
825 999
826 832
827 959
828 836
828 840
828 843
828 928
831 937
832 910
833 934
834 836
834 854
834 939
835 970
835 971
836 897
837 947
838 862
838 984
840 849
840 915
840 916
843 862
843 947
844 847
844 994
846 912
846 924
848 929
850 947
850 977
852 904
852 932
853 896
854 942
855 894
858 894
858 927
858 939
858 945
861 916
861 949
862 882
862 907
864 927
864 968
865 900
865 967
866 939
866 946
867 922
868 929
869 971
870 968
872 901
872 955
872 992
873 922
873 939
874 934
875 948
875 952
877 926
878 925
878 981
880 989
881 932
882 891
882 963
882 989
883 949
883 954
884 953
885 923
885 943
886 968
887 975
887 983
889 920
890 916
891 923
892 979
894 909
894 939
897 929
901 930
903 986
906 927
908 942
908 949
909 910
909 969
909 976
912 963
913 952
914 998
919 926
921 947
922 924
923 971
935 949
935 992
936 975
937 978
942 945
945 949
951 955
954 985
956 976
960 980
962 983
964 991
968 1000
974 989
984 986
991 995
