1 188
1 758
2 9
3 910
4 249
4 284
4 706
4 888
5 146
5 923
6 157
6 190
6 292
6 817
7 531
7 559
7 708
8 160
8 250
10 103
10 246
11 179
13 214
13 732
13 904
14 304
15 277
15 345
15 477
15 607
16 348
16 471
17 811
19 87
19 670
19 756
19 898
20 106
20 108
20 229
20 446
20 473
21 268
21 563
21 781
22 190
22 251
22 813
23 242
24 361
25 593
26 200
26 941
27 237
27 330
29 741
30 367
32 168
32 272
34 77
34 233
34 290
34 959
35 622
36 422
36 462
36 859
36 866
37 50
37 87
37 399
37 443
37 658
38 98
38 546
39 678
40 251
40 332
40 828
41 628
41 662
42 485
42 854
43 480
43 516
44 702
45 521
45 727
45 818
46 705
47 71
47 739
47 840
48 90
48 732
48 898
48 955
49 67
49 330
49 669
52 231
52 418
53 199
53 786
54 199
54 275
55 435
55 499
55 628
55 755
55 786
56 681
57 69
57 240
57 729
57 861
58 408
58 654
58 703
58 711
59 880
60 133
60 299
61 239
61 960
62 682
62 706
62 828
64 984
65 315
66 887
66 995
67 149
68 534
69 284
69 889
70 328
70 491
70 745
71 431
71 479
71 548
72 149
73 371
74 382
74 808
75 530
77 141
77 287
77 676
78 760
80 636
80 659
81 105
81 255
81 905
82 118
83 89
84 168
84 917
85 134
85 435
85 977
87 179
88 212
88 608
88 818
88 883
88 968
89 198
89 807
91 417
91 605
91 649
91 699
91 842
92 648
93 390
93 670
93 871
93 979
94 922
94 972
95 277
96 367
97 603
99 680
100 105
100 334
101 432
101 883
102 332
103 573
103 966
104 818
105 352
105 677
106 987
107 733
108 580
108 628
108 647
109 553
111 734
112 343
113 939
114 361
114 364
114 365
114 703
115 811
117 726
117 899
119 284
119 659
119 764
119 855
121 163
121 415
121 565
122 251
122 404
122 617
122 963
123 556
124 407
125 681
126 148
126 633
127 278
127 297
127 481
127 775
128 875
130 418
130 840
131 478
131 967
132 317
132 532
132 535
133 534
134 303
134 543
134 849
135 175
135 230
136 370
136 561
137 670
138 971
139 496
139 940
141 472
142 749
143 681
144 555
145 864
146 559
146 802
147 206
147 544
147 986
148 761
148 903
150 939
151 927
152 652
153 275
153 851
154 374
155 442
155 908
155 982
156 493
157 522
157 717
158 431
158 493
159 499
159 630
159 738
159 787
161 624
162 924
164 998
165 581
166 352
166 598
166 777
167 428
167 697
167 852
167 994
168 221
168 462
169 390
169 521
169 682
169 711
170 801
171 505
171 552
171 601
172 469
172 518
173 371
173 949
174 563
174 659
175 388
175 515
178 671
180 560
181 193
181 761
182 868
183 252
183 559
183 634
183 746
184 468
184 489
184 808
184 952
185 770
185 965
186 352
186 397
187 488
187 684
187 734
188 220
188 380
188 942
190 641
191 302
191 627
192 911
192 950
193 555
193 680
193 712
194 492
194 849
194 981
196 449
196 659
196 669
197 950
198 224
198 378
199 244
199 265
199 693
200 296
200 620
201 235
201 277
201 760
202 477
203 870
203 970
204 272
205 424
206 498
206 892
208 331
208 517
208 658
208 917
209 918
210 629
210 759
211 379
211 405
211 695
212 460
212 781
212 814
213 317
213 674
213 839
214 300
215 968
218 530
218 696
219 805
219 882
220 364
220 848
222 603
222 806
222 912
223 774
224 862
224 897
225 251
225 888
225 918
226 642
226 744
226 996
227 264
228 493
229 581
230 871
231 425
231 605
231 903
232 293
232 391
232 561
232 620
233 370
234 448
234 516
234 858
235 379
236 371
237 380
238 418
238 456
238 712
239 589
239 887
240 650
240 951
241 883
242 472
242 927
243 442
243 544
243 826
244 907
245 300
245 624
246 347
246 752
246 756
247 301
247 674
248 325
250 546
252 673
253 580
253 726
254 647
256 868
257 305
257 670
258 274
258 461
258 840
259 448
259 688
260 729
261 382
261 435
261 606
262 904
263 940
264 351
265 893
267 399
267 800
269 279
271 333
272 404
273 289
273 940
273 960
275 583
275 971
276 370
277 417
277 502
278 744
279 347
280 566
280 970
281 578
281 905
282 509
283 737
283 833
283 932
284 564
287 300
289 381
290 296
291 776
292 712
293 765
294 973
296 575
296 737
297 786
297 999
298 462
298 518
298 598
298 658
298 731
298 902
301 517
301 551
301 802
301 847
302 516
302 819
302 879
304 442
304 591
304 786
305 785
305 886
306 358
306 359
306 514
307 613
308 995
309 509
309 671
313 956
314 710
314 898
314 990
315 621
315 650
316 550
316 751
318 561
321 452
321 938
322 359
323 809
323 833
323 877
324 726
325 718
326 969
328 721
328 804
330 352
330 733
330 776
331 718
331 963
332 370
333 596
333 694
334 723
335 402
337 738
337 915
339 749
339 975
340 499
340 784
340 923
342 407
342 543
342 625
343 710
346 399
346 581
346 808
347 879
349 571
350 700
351 633
351 733
351 842
352 911
353 466
354 891
355 804
355 946
356 372
356 446
356 755
356 938
357 609
358 807
359 450
360 797
361 708
362 471
362 975
363 406
363 443
363 798
366 622
366 964
368 609
369 841
370 386
370 535
371 620
371 883
372 604
372 871
373 601
373 963
374 514
374 774
374 932
374 967
375 847
376 409
376 590
376 777
377 618
378 897
379 632
380 627
381 770
384 538
384 826
385 398
386 493
386 865
387 409
387 836
388 852
389 802
390 786
391 590
392 547
396 569
398 648
398 803
399 469
399 540
399 912
401 869
402 593
402 994
405 477
405 502
407 479
409 818
410 472
410 648
410 738
410 852
412 454
412 460
412 651
412 932
414 523
415 544
415 899
416 494
416 533
416 865
417 702
418 859
419 528
422 714
426 634
426 974
427 724
428 680
428 750
429 940
430 543
431 791
433 484
433 933
434 657
434 941
435 670
435 833
435 1000
436 737
436 877
436 911
437 934
438 861
441 478
442 849
445 565
445 969
446 558
446 587
446 691
447 923
450 507
450 906
452 723
453 897
453 936
454 871
455 626
459 535
461 602
462 739
463 798
465 684
466 585
467 497
468 523
471 540
471 864
476 673
476 973
479 540
479 745
480 712
481 617
481 796
482 940
483 880
485 691
486 998
487 543
489 536
490 544
491 516
491 538
491 592
493 695
493 760
496 664
497 662
497 862
497 917
498 512
498 939
499 514
499 809
500 635
502 700
507 781
507 917
509 908
510 734
513 720
514 759
514 842
515 971
516 599
516 740
521 690
522 861
522 897
522 900
524 888
525 580
526 940
526 983
527 722
528 632
529 728
530 614
530 830
531 741
532 541
532 884
533 623
533 712
534 599
536 676
536 765
536 806
537 580
537 725
537 854
537 927
539 558
540 768
544 631
544 643
547 626
548 663
549 695
550 595
550 736
550 976
551 888
553 853
553 940
555 569
555 689
556 728
557 772
559 708
560 876
560 929
563 612
564 817
565 853
565 874
566 897
566 904
568 620
568 753
569 809
569 854
571 879
574 668
575 959
575 967
576 628
576 824
579 857
580 775
582 592
586 852
586 938
588 744
589 828
589 993
589 995
590 605
590 747
591 692
592 624
592 708
593 990
596 706
596 832
597 713
600 725
603 897
605 650
606 744
607 649
609 976
612 720
617 813
617 986
618 880
619 833
621 711
621 838
622 642
622 715
622 830
622 853
624 846
626 958
627 968
632 968
633 879
637 760
637 978
638 856
638 877
639 882
641 970
644 986
645 667
645 730
647 785
647 997
648 830
648 919
652 986
659 832
660 728
664 779
666 832
667 872
667 914
667 919
669 705
670 733
670 837
670 888
673 750
673 753
673 780
673 932
676 724
676 920
677 709
678 770
683 764
683 903
684 732
684 998
686 906
687 998
688 776
691 875
694 982
695 921
697 955
699 867
699 937
700 857
701 768
704 726
708 847
708 973
709 819
709 903
713 810
715 768
715 910
716 814
717 843
717 981
718 786
721 790
722 863
724 984
726 736
730 809
732 892
733 761
733 850
734 746
735 992
738 759
742 970
746 809
748 1000
749 869
750 927
751 753
751 888
753 918
754 831
755 943
755 977
756 849
756 978
758 804
758 885
760 801
763 805
764 870
765 775
770 801
770 856
770 925
772 998
778 894
779 978
780 968
787 913
789 929
790 842
790 881
793 925
794 889
795 810
802 942
803 893
804 950
805 843
805 936
806 912
808 955
809 841
812 867
820 967
821 878
821 977
825 983
828 957
835 877
836 877
845 926
847 852
848 893
848 941
853 937
853 945
859 913
861 929
861 995
863 972
864 910
864 970
872 963
884 1000
896 906
901 956
904 957
914 988
919 997
921 943
923 968
930 973
935 938
939 964
950 1000
955 985
983 985
985 987
